0 CLEAR 5000:SCREEN 0,1,1:CLS:LOCATE,,0:CONSOLE,,0
1 PALETTE 0,0
2 PALETTE 1,256
3 PALETTE 2,48
4 PALETTE 3,147
5 PALETTE 4,255
6 PALETTE 5,143
7 PALETTE 6,59
8 PALETTE 7,22
9 PALETTE 8,2
10 PALETTE 9,3744
11 PALETTE 10,3856
12 PALETTE 11,3343
13 PALETTE 12,15
14 PALETTE 13,6
15 PALETTE 14,3999
16 PALETTE 15,3817
31 LINE (0,24)-(7,24),-4
32 LINE (40,24)-(47,24),-4
33 LINE (0,25)-(15,25),-4
34 LINE (16,25)-(39,25),-8
35 LINE (40,25)-(47,25),-4
36 LINE (48,25)-(55,25),-8
37 LINE (56,25)-(71,25),-4
38 LINE (72,25)-(111,25),-8
39 LINE (112,25)-(127,25),-4
40 LINE (128,25)-(135,25),-8
41 LINE (136,25)-(143,25),-4
42 LINE (144,25)-(167,25),-8
43 LINE (176,25)-(191,25),-4
44 LINE (0,26)-(31,26),-4
45 LINE (32,26)-(39,26),-8
46 LINE (40,26)-(79,26),-4
47 LINE (80,26)-(87,26),-8
48 LINE (88,26)-(103,26),-7
49 LINE (104,26)-(111,26),-8
50 LINE (112,26)-(143,26),-4
51 LINE (144,26)-(147,26),-8
52 LINE (148,26)-(167,26),-7
53 LINE (168,26)-(175,26),-8
54 LINE (176,26)-(191,26),-4
55 LINE (0,27)-(31,27),-4
56 LINE (32,27)-(39,27),-8
57 LINE (40,27)-(79,27),-4
58 LINE (80,27)-(111,27),-8
59 LINE (112,27)-(143,27),-4
60 LINE (144,27)-(175,27),-8
61 LINE (176,27)-(191,27),-4
62 LINE (0,28)-(31,28),-4
63 LINE (32,28)-(39,28),-8
64 LINE (40,28)-(79,28),-4
65 LINE (80,28)-(111,28),-8
66 LINE (112,28)-(143,28),-4
67 LINE (144,28)-(175,28),-8
68 LINE (176,28)-(199,28),-4
69 LINE (0,29)-(31,29),-4
70 LINE (32,29)-(39,29),-8
71 LINE (40,29)-(79,29),-4
72 LINE (80,29)-(103,29),-8
73 LINE (104,29)-(143,29),-4
74 LINE (144,29)-(151,29),-8
75 LINE (152,29)-(175,29),-9
76 LINE (176,29)-(199,29),-4
77 LINE (0,30)-(31,30),-4
78 LINE (32,30)-(39,30),-8
79 LINE (40,30)-(79,30),-4
80 LINE (80,30)-(103,30),-9
81 LINE (104,30)-(143,30),-4
82 LINE (144,30)-(151,30),-8
83 LINE (152,30)-(175,30),-9
84 LINE (176,30)-(199,30),-4
85 LINE (0,31)-(31,31),-4
86 LINE (32,31)-(39,31),-8
87 LINE (40,31)-(79,31),-4
88 LINE (80,31)-(95,31),-9
89 LINE (104,31)-(151,31),-4
90 LINE (168,31)-(199,31),-4
91 LINE (0,32)-(79,32),-4
92 LINE (104,32)-(151,32),-4
93 LINE (168,32)-(199,32),-4
94 LINE (0,33)-(79,33),-4
95 LINE (104,33)-(143,33),-4
96 LINE (168,33)-(199,33),-4
97 LINE (0,34)-(79,34),-4
98 LINE (112,34)-(143,34),-4
99 LINE (176,34)-(199,34),-4
100 LINE (0,35)-(79,35),-4
101 LINE (112,35)-(143,35),-4
102 LINE (176,35)-(199,35),-4
103 LINE (232,35)-(239,35),-5
104 LINE (280,35)-(287,35),-5
105 LINE (0,36)-(79,36),-4
106 LINE (112,36)-(143,36),-4
107 LINE (176,36)-(191,36),-4
108 LINE (0,37)-(79,37),-4
109 LINE (112,37)-(143,37),-4
110 LINE (176,37)-(191,37),-4
111 LINE (0,38)-(79,38),-4
112 LINE (112,38)-(143,38),-4
113 LINE (176,38)-(191,38),-4
114 LINE (0,39)-(79,39),-4
115 LINE (112,39)-(143,39),-4
116 LINE (176,39)-(191,39),-4
117 LINE (0,40)-(79,40),-4
118 LINE (112,40)-(143,40),-4
119 LINE (176,40)-(191,40),-4
120 LINE (0,41)-(79,41),-4
121 LINE (112,41)-(143,41),-4
122 LINE (0,42)-(79,42),-4
123 LINE (112,42)-(143,42),-4
124 LINE (224,42)-(239,42),-8
125 LINE (240,42)-(255,42),-9
126 LINE (0,43)-(71,43),-4
127 LINE (224,43)-(247,43),-8
128 LINE (248,43)-(255,43),-9
129 LINE (0,44)-(71,44),-4
130 LINE (224,44)-(247,44),-8
131 LINE (248,44)-(255,44),-9
132 LINE (0,45)-(71,45),-4
133 LINE (224,45)-(247,45),-8
134 LINE (248,45)-(255,45),-9
135 LINE (0,46)-(71,46),-4
136 LINE (224,46)-(247,46),-8
137 LINE (248,46)-(255,46),-9
138 LINE (0,47)-(63,47),-4
139 LINE (224,47)-(247,47),-8
140 LINE (248,47)-(255,47),-9
141 LINE (0,48)-(63,48),-4
142 LINE (224,48)-(247,48),-8
143 LINE (248,48)-(255,48),-9
144 LINE (0,49)-(55,49),-4
145 LINE (224,49)-(247,49),-8
146 LINE (248,49)-(255,49),-9
147 LINE (0,50)-(55,50),-4
148 LINE (224,50)-(247,50),-8
149 LINE (248,50)-(255,50),-9
150 LINE (0,51)-(55,51),-4
151 LINE (224,51)-(247,51),-8
152 LINE (248,51)-(255,51),-9
153 LINE (0,52)-(47,52),-4
154 LINE (224,52)-(247,52),-8
155 LINE (248,52)-(255,52),-9
156 LINE (0,53)-(39,53),-4
157 LINE (224,53)-(247,53),-8
158 LINE (248,53)-(255,53),-9
159 LINE (0,54)-(39,54),-4
160 LINE (224,54)-(247,54),-8
161 LINE (248,54)-(255,54),-9
162 LINE (0,55)-(39,55),-4
163 LINE (216,55)-(247,55),-8
164 LINE (248,55)-(255,55),-9
165 LINE (0,56)-(39,56),-4
166 LINE (216,56)-(247,56),-8
167 LINE (248,56)-(255,56),-9
168 LINE (0,57)-(31,57),-4
169 LINE (216,57)-(247,57),-8
170 LINE (248,57)-(255,57),-9
171 LINE (0,58)-(31,58),-4
172 LINE (224,58)-(247,58),-8
173 LINE (248,58)-(255,58),-9
174 LINE (0,59)-(31,59),-4
175 LINE (216,59)-(247,59),-8
176 LINE (248,59)-(255,59),-9
177 LINE (0,60)-(31,60),-4
178 LINE (216,60)-(247,60),-8
179 LINE (248,60)-(255,60),-9
180 LINE (0,61)-(31,61),-4
181 LINE (224,61)-(247,61),-8
182 LINE (248,61)-(255,61),-9
183 LINE (0,62)-(31,62),-4
184 LINE (224,62)-(247,62),-8
185 LINE (248,62)-(255,62),-9
186 LINE (0,63)-(23,63),-4
187 LINE (224,63)-(239,63),-9
188 LINE (240,63)-(247,63),-8
189 LINE (248,63)-(255,63),-9
190 LINE (0,64)-(23,64),-9
191 LINE (240,64)-(247,64),-8
192 LINE (248,64)-(255,64),-9
193 LINE (0,65)-(23,65),-9
194 LINE (240,65)-(247,65),-8
195 LINE (248,65)-(255,65),-9
196 LINE (0,66)-(23,66),-9
197 LINE (240,66)-(255,66),-9
198 LINE (0,67)-(23,67),-9
199 LINE (240,67)-(247,67),-8
200 LINE (248,67)-(255,67),-9
201 LINE (0,68)-(23,68),-9
202 LINE (240,68)-(247,68),-8
203 LINE (248,68)-(255,68),-9
204 LINE (0,69)-(23,69),-9
205 LINE (240,69)-(247,69),-8
206 LINE (248,69)-(255,69),-9
207 LINE (0,70)-(23,70),-9
208 LINE (240,70)-(247,70),-8
209 LINE (248,70)-(255,70),-9
210 LINE (0,71)-(23,71),-9
211 LINE (240,71)-(247,71),-8
212 LINE (248,71)-(255,71),-9
213 LINE (0,72)-(15,72),-9
214 LINE (16,72)-(23,72),-8
215 LINE (240,72)-(247,72),-8
216 LINE (248,72)-(255,72),-9
217 LINE (0,73)-(15,73),-9
218 LINE (16,73)-(23,73),-8
219 LINE (240,73)-(247,73),-8
220 LINE (248,73)-(255,73),-9
221 LINE (0,74)-(15,74),-9
222 LINE (16,74)-(23,74),-8
223 LINE (240,74)-(247,74),-8
224 LINE (248,74)-(255,74),-9
225 LINE (0,75)-(15,75),-9
226 LINE (16,75)-(23,75),-8
227 LINE (240,75)-(247,75),-8
228 LINE (248,75)-(255,75),-9
229 LINE (0,76)-(15,76),-9
230 LINE (16,76)-(23,76),-8
231 LINE (240,76)-(247,76),-8
232 LINE (248,76)-(255,76),-9
233 LINE (0,77)-(15,77),-9
234 LINE (16,77)-(23,77),-8
235 LINE (240,77)-(247,77),-8
236 LINE (248,77)-(255,77),-9
237 LINE (0,78)-(15,78),-9
238 LINE (16,78)-(23,78),-8
239 LINE (240,78)-(247,78),-8
240 LINE (248,78)-(255,78),-9
241 LINE (0,79)-(15,79),-9
242 LINE (16,79)-(23,79),-8
243 LINE (240,79)-(247,79),-8
244 LINE (248,79)-(255,79),-9
245 LINE (0,80)-(7,80),-9
246 LINE (8,80)-(23,80),-8
247 LINE (224,80)-(231,80),-6
248 LINE (232,80)-(247,80),-8
249 LINE (248,80)-(255,80),-9
250 LINE (0,81)-(7,81),-9
251 LINE (8,81)-(23,81),-8
252 LINE (224,81)-(247,81),-8
253 LINE (248,81)-(255,81),-9
254 LINE (0,82)-(7,82),-9
255 LINE (8,82)-(23,82),-8
256 LINE (224,82)-(247,82),-8
257 LINE (248,82)-(255,82),-9
258 LINE (0,83)-(7,83),-9
259 LINE (8,83)-(23,83),-8
260 LINE (224,83)-(247,83),-8
261 LINE (248,83)-(255,83),-9
262 LINE (0,84)-(7,84),-9
263 LINE (8,84)-(15,84),-8
264 LINE (16,84)-(23,84),-7
265 LINE (216,84)-(247,84),-8
266 LINE (248,84)-(255,84),-9
267 LINE (0,85)-(7,85),-9
268 LINE (8,85)-(15,85),-8
269 LINE (16,85)-(23,85),-7
270 LINE (216,85)-(247,85),-8
271 LINE (248,85)-(255,85),-9
272 LINE (0,86)-(7,86),-9
273 LINE (8,86)-(15,86),-8
274 LINE (16,86)-(23,86),-7
275 LINE (224,86)-(247,86),-8
276 LINE (248,86)-(255,86),-9
277 LINE (0,87)-(7,87),-9
278 LINE (8,87)-(15,87),-8
279 LINE (16,87)-(23,87),-7
280 LINE (224,87)-(247,87),-8
281 LINE (248,87)-(255,87),-9
282 LINE (0,88)-(7,88),-9
283 LINE (8,88)-(15,88),-8
284 LINE (16,88)-(23,88),-7
285 LINE (224,88)-(247,88),-8
286 LINE (248,88)-(255,88),-9
287 LINE (0,89)-(7,89),-9
288 LINE (8,89)-(15,89),-8
289 LINE (16,89)-(23,89),-7
290 LINE (216,89)-(247,89),-8
291 LINE (248,89)-(255,89),-9
292 LINE (0,90)-(7,90),-9
293 LINE (8,90)-(15,90),-8
294 LINE (16,90)-(23,90),-7
295 LINE (224,90)-(247,90),-8
296 LINE (248,90)-(255,90),-9
297 LINE (0,91)-(7,91),-9
298 LINE (8,91)-(15,91),-8
299 LINE (16,91)-(23,91),-7
300 LINE (216,91)-(247,91),-8
301 LINE (248,91)-(255,91),-9
302 LINE (0,92)-(7,92),-9
303 LINE (8,92)-(15,92),-8
304 LINE (16,92)-(23,92),-7
305 LINE (216,92)-(247,92),-8
306 LINE (248,92)-(255,92),-9
307 LINE (0,93)-(7,93),-9
308 LINE (8,93)-(15,93),-8
309 LINE (16,93)-(23,93),-7
310 LINE (224,93)-(247,93),-8
311 LINE (248,93)-(255,93),-9
312 LINE (0,94)-(7,94),-9
313 LINE (8,94)-(15,94),-8
314 LINE (16,94)-(23,94),-7
315 LINE (224,94)-(247,94),-8
316 LINE (248,94)-(255,94),-9
317 LINE (0,95)-(7,95),-9
318 LINE (8,95)-(15,95),-8
319 LINE (16,95)-(23,95),-7
320 LINE (224,95)-(239,95),-9
321 LINE (240,95)-(247,95),-8
322 LINE (248,95)-(255,95),-9
323 LINE (0,96)-(7,96),-9
324 LINE (8,96)-(15,96),-8
325 LINE (16,96)-(23,96),-7
326 LINE (240,96)-(247,96),-8
327 LINE (248,96)-(255,96),-9
328 LINE (0,97)-(7,97),-9
329 LINE (8,97)-(15,97),-8
330 LINE (16,97)-(23,97),-7
331 LINE (240,97)-(247,97),-8
332 LINE (248,97)-(255,97),-9
333 LINE (0,98)-(7,98),-9
334 LINE (8,98)-(15,98),-8
335 LINE (16,98)-(23,98),-7
336 LINE (240,98)-(247,98),-8
337 LINE (248,98)-(255,98),-9
338 LINE (0,99)-(7,99),-9
339 LINE (8,99)-(15,99),-8
340 LINE (16,99)-(23,99),-7
341 LINE (240,99)-(247,99),-8
342 LINE (248,99)-(255,99),-9
343 LINE (0,100)-(7,100),-9
344 LINE (8,100)-(15,100),-8
345 LINE (16,100)-(23,100),-7
346 LINE (240,100)-(247,100),-8
347 LINE (248,100)-(255,100),-9
348 LINE (0,101)-(7,101),-9
349 LINE (8,101)-(15,101),-8
350 LINE (16,101)-(23,101),-7
351 LINE (240,101)-(247,101),-8
352 LINE (248,101)-(255,101),-9
353 LINE (0,102)-(7,102),-9
354 LINE (8,102)-(15,102),-8
355 LINE (16,102)-(23,102),-7
356 LINE (240,102)-(247,102),-8
357 LINE (248,102)-(255,102),-9
358 LINE (0,103)-(7,103),-9
359 LINE (8,103)-(15,103),-8
360 LINE (16,103)-(23,103),-7
361 LINE (240,103)-(247,103),-8
362 LINE (248,103)-(255,103),-9
363 LINE (0,104)-(7,104),-9
364 LINE (8,104)-(15,104),-8
365 LINE (16,104)-(23,104),-7
366 LINE (240,104)-(247,104),-8
367 LINE (248,104)-(255,104),-9
368 LINE (0,105)-(7,105),-9
369 LINE (8,105)-(15,105),-8
370 LINE (16,105)-(23,105),-7
371 LINE (240,105)-(247,105),-8
372 LINE (248,105)-(255,105),-9
373 LINE (0,106)-(7,106),-9
374 LINE (8,106)-(15,106),-8
375 LINE (16,106)-(23,106),-7
376 LINE (240,106)-(247,106),-8
377 LINE (248,106)-(255,106),-9
378 LINE (0,107)-(7,107),-9
379 LINE (8,107)-(15,107),-8
380 LINE (16,107)-(23,107),-7
381 LINE (240,107)-(247,107),-8
382 LINE (248,107)-(255,107),-9
383 LINE (0,108)-(7,108),-9
384 LINE (8,108)-(15,108),-8
385 LINE (16,108)-(23,108),-7
386 LINE (240,108)-(247,108),-8
387 LINE (248,108)-(255,108),-9
388 LINE (0,109)-(7,109),-9
389 LINE (8,109)-(15,109),-8
390 LINE (16,109)-(23,109),-7
391 LINE (240,109)-(247,109),-8
392 LINE (248,109)-(255,109),-9
393 LINE (0,110)-(7,110),-9
394 LINE (8,110)-(15,110),-8
395 LINE (16,110)-(23,110),-7
396 LINE (240,110)-(247,110),-8
397 LINE (248,110)-(255,110),-9
398 LINE (0,111)-(7,111),-9
399 LINE (8,111)-(15,111),-8
400 LINE (16,111)-(23,111),-7
401 LINE (240,111)-(247,111),-8
402 LINE (248,111)-(255,111),-9
403 LINE (0,112)-(7,112),-9
404 LINE (8,112)-(15,112),-8
405 LINE (16,112)-(23,112),-7
406 LINE (224,112)-(231,112),-6
407 LINE (232,112)-(247,112),-8
408 LINE (248,112)-(255,112),-9
409 LINE (0,113)-(7,113),-9
410 LINE (8,113)-(15,113),-8
411 LINE (16,113)-(23,113),-7
412 LINE (224,113)-(247,113),-8
413 LINE (248,113)-(255,113),-9
414 LINE (0,114)-(7,114),-9
415 LINE (8,114)-(15,114),-8
416 LINE (16,114)-(23,114),-7
417 LINE (224,114)-(247,114),-8
418 LINE (248,114)-(255,114),-9
419 LINE (0,115)-(7,115),-9
420 LINE (8,115)-(15,115),-8
421 LINE (16,115)-(23,115),-7
422 LINE (224,115)-(247,115),-8
423 LINE (248,115)-(255,115),-9
424 LINE (0,116)-(7,116),-9
425 LINE (8,116)-(15,116),-8
426 LINE (16,116)-(23,116),-7
427 LINE (216,116)-(247,116),-8
428 LINE (248,116)-(255,116),-9
429 LINE (0,117)-(7,117),-9
430 LINE (8,117)-(15,117),-8
431 LINE (16,117)-(23,117),-7
432 LINE (216,117)-(247,117),-8
433 LINE (248,117)-(255,117),-9
434 LINE (0,118)-(7,118),-9
435 LINE (8,118)-(15,118),-8
436 LINE (16,118)-(23,118),-7
437 LINE (224,118)-(247,118),-8
438 LINE (248,118)-(255,118),-9
439 LINE (0,119)-(7,119),-9
440 LINE (8,119)-(15,119),-8
441 LINE (16,119)-(23,119),-7
442 LINE (224,119)-(247,119),-8
443 LINE (248,119)-(255,119),-9
444 LINE (0,120)-(7,120),-9
445 LINE (8,120)-(15,120),-8
446 LINE (16,120)-(23,120),-7
447 LINE (224,120)-(247,120),-8
448 LINE (248,120)-(255,120),-9
449 LINE (0,121)-(7,121),-9
450 LINE (8,121)-(15,121),-8
451 LINE (16,121)-(23,121),-7
452 LINE (216,121)-(247,121),-8
453 LINE (248,121)-(255,121),-9
454 LINE (0,122)-(7,122),-9
455 LINE (8,122)-(15,122),-8
456 LINE (16,122)-(23,122),-7
457 LINE (216,122)-(247,122),-8
458 LINE (248,122)-(255,122),-9
459 LINE (0,123)-(7,123),-9
460 LINE (8,123)-(15,123),-8
461 LINE (16,123)-(23,123),-7
462 LINE (216,123)-(247,123),-8
463 LINE (248,123)-(255,123),-9
464 LINE (0,124)-(7,124),-9
465 LINE (8,124)-(15,124),-8
466 LINE (16,124)-(23,124),-7
467 LINE (216,124)-(247,124),-8
468 LINE (248,124)-(255,124),-9
469 LINE (0,125)-(7,125),-9
470 LINE (8,125)-(15,125),-8
471 LINE (16,125)-(23,125),-7
472 LINE (224,125)-(247,125),-8
473 LINE (248,125)-(255,125),-9
474 LINE (0,126)-(7,126),-9
475 LINE (8,126)-(15,126),-8
476 LINE (16,126)-(23,126),-7
477 LINE (224,126)-(247,126),-8
478 LINE (248,126)-(255,126),-9
479 LINE (0,127)-(7,127),-9
480 LINE (8,127)-(15,127),-8
481 LINE (16,127)-(23,127),-7
482 LINE (224,127)-(239,127),-9
483 LINE (240,127)-(247,127),-8
484 LINE (248,127)-(255,127),-9
485 LINE (0,128)-(7,128),-9
486 LINE (8,128)-(15,128),-8
487 LINE (16,128)-(23,128),-7
488 LINE (240,128)-(247,128),-8
489 LINE (248,128)-(255,128),-9
490 LINE (0,129)-(7,129),-9
491 LINE (8,129)-(15,129),-8
492 LINE (16,129)-(23,129),-7
493 LINE (240,129)-(247,129),-8
494 LINE (248,129)-(255,129),-9
495 LINE (0,130)-(7,130),-9
496 LINE (8,130)-(15,130),-8
497 LINE (16,130)-(23,130),-7
498 LINE (240,130)-(247,130),-8
499 LINE (248,130)-(255,130),-9
500 LINE (0,131)-(7,131),-9
501 LINE (8,131)-(15,131),-8
502 LINE (16,131)-(23,131),-7
503 LINE (240,131)-(247,131),-8
504 LINE (248,131)-(255,131),-9
505 LINE (0,132)-(7,132),-9
506 LINE (8,132)-(15,132),-8
507 LINE (16,132)-(23,132),-7
508 LINE (240,132)-(247,132),-8
509 LINE (248,132)-(255,132),-9
510 LINE (0,133)-(7,133),-9
511 LINE (8,133)-(15,133),-8
512 LINE (16,133)-(23,133),-7
513 LINE (240,133)-(247,133),-8
514 LINE (248,133)-(255,133),-9
515 LINE (0,134)-(7,134),-9
516 LINE (8,134)-(15,134),-8
517 LINE (16,134)-(23,134),-7
518 LINE (240,134)-(247,134),-8
519 LINE (248,134)-(255,134),-9
520 LINE (0,135)-(7,135),-9
521 LINE (8,135)-(15,135),-8
522 LINE (16,135)-(23,135),-7
523 LINE (240,135)-(247,135),-8
524 LINE (248,135)-(255,135),-9
525 LINE (0,136)-(7,136),-9
526 LINE (8,136)-(15,136),-8
527 LINE (16,136)-(23,136),-7
528 LINE (240,136)-(247,136),-8
529 LINE (248,136)-(255,136),-9
530 LINE (0,137)-(7,137),-9
531 LINE (8,137)-(15,137),-8
532 LINE (16,137)-(23,137),-7
533 LINE (240,137)-(247,137),-8
534 LINE (248,137)-(255,137),-9
535 LINE (0,138)-(7,138),-9
536 LINE (8,138)-(15,138),-8
537 LINE (16,138)-(23,138),-7
538 LINE (240,138)-(247,138),-8
539 LINE (248,138)-(255,138),-9
540 LINE (0,139)-(7,139),-9
541 LINE (8,139)-(15,139),-8
542 LINE (16,139)-(23,139),-7
543 LINE (240,139)-(247,139),-8
544 LINE (248,139)-(255,139),-9
545 LINE (0,140)-(7,140),-9
546 LINE (8,140)-(15,140),-8
547 LINE (16,140)-(23,140),-7
548 LINE (240,140)-(247,140),-8
549 LINE (248,140)-(255,140),-9
550 LINE (0,141)-(7,141),-9
551 LINE (8,141)-(15,141),-8
552 LINE (16,141)-(23,141),-7
553 LINE (240,141)-(247,141),-8
554 LINE (248,141)-(255,141),-9
555 LINE (0,142)-(7,142),-9
556 LINE (8,142)-(15,142),-8
557 LINE (16,142)-(23,142),-7
558 LINE (240,142)-(247,142),-8
559 LINE (248,142)-(255,142),-9
560 LINE (0,143)-(7,143),-9
561 LINE (8,143)-(15,143),-8
562 LINE (16,143)-(23,143),-7
563 LINE (240,143)-(247,143),-8
564 LINE (248,143)-(255,143),-9
565 LINE (0,144)-(7,144),-9
566 LINE (8,144)-(15,144),-8
567 LINE (16,144)-(23,144),-7
568 LINE (224,144)-(231,144),-6
569 LINE (232,144)-(247,144),-8
570 LINE (248,144)-(255,144),-9
571 LINE (0,145)-(7,145),-9
572 LINE (8,145)-(15,145),-8
573 LINE (16,145)-(23,145),-7
574 LINE (216,145)-(247,145),-8
575 LINE (248,145)-(255,145),-9
576 LINE (0,146)-(7,146),-9
577 LINE (8,146)-(15,146),-8
578 LINE (16,146)-(23,146),-7
579 LINE (216,146)-(247,146),-8
580 LINE (248,146)-(255,146),-9
581 LINE (0,147)-(7,147),-9
582 LINE (8,147)-(15,147),-8
583 LINE (16,147)-(23,147),-7
584 LINE (216,147)-(247,147),-8
585 LINE (248,147)-(255,147),-9
586 LINE (0,148)-(7,148),-9
587 LINE (8,148)-(15,148),-8
588 LINE (16,148)-(23,148),-7
589 LINE (216,148)-(247,148),-8
590 LINE (248,148)-(255,148),-9
591 LINE (0,149)-(7,149),-9
592 LINE (8,149)-(15,149),-8
593 LINE (16,149)-(23,149),-7
594 LINE (216,149)-(247,149),-8
595 LINE (248,149)-(255,149),-9
596 LINE (0,150)-(7,150),-9
597 LINE (8,150)-(15,150),-8
598 LINE (16,150)-(23,150),-7
599 LINE (216,150)-(247,150),-8
600 LINE (248,150)-(255,150),-9
601 LINE (0,151)-(7,151),-9
602 LINE (8,151)-(15,151),-8
603 LINE (16,151)-(23,151),-7
604 LINE (216,151)-(247,151),-8
605 LINE (248,151)-(255,151),-9
606 LINE (0,152)-(7,152),-9
607 LINE (8,152)-(15,152),-8
608 LINE (16,152)-(23,152),-7
609 LINE (216,152)-(247,152),-8
610 LINE (248,152)-(255,152),-9
611 LINE (0,153)-(7,153),-9
612 LINE (8,153)-(15,153),-8
613 LINE (16,153)-(23,153),-7
614 LINE (216,153)-(239,153),-9
615 LINE (240,153)-(247,153),-8
616 LINE (248,153)-(255,153),-9
617 LINE (0,154)-(7,154),-9
618 LINE (8,154)-(15,154),-8
619 LINE (16,154)-(23,154),-7
620 LINE (240,154)-(255,154),-9
621 LINE (0,155)-(7,155),-9
622 LINE (8,155)-(15,155),-8
623 LINE (16,155)-(23,155),-7
624 LINE (240,155)-(255,155),-9
625 LINE (0,156)-(7,156),-9
626 LINE (8,156)-(15,156),-8
627 LINE (16,156)-(23,156),-7
628 LINE (248,156)-(255,156),-9
629 LINE (0,157)-(7,157),-9
630 LINE (8,157)-(15,157),-8
631 LINE (16,157)-(23,157),-7
632 LINE (248,157)-(255,157),-9
633 LINE (0,158)-(7,158),-9
634 LINE (8,158)-(15,158),-8
635 LINE (16,158)-(23,158),-7
636 LINE (0,159)-(7,159),-9
637 LINE (8,159)-(15,159),-8
638 LINE (16,159)-(23,159),-7
639 LINE (0,160)-(7,160),-9
640 LINE (8,160)-(15,160),-8
641 LINE (16,160)-(23,160),-7
642 LINE (0,161)-(7,161),-9
643 LINE (8,161)-(15,161),-8
644 LINE (16,161)-(23,161),-7
645 LINE (0,162)-(7,162),-9
646 LINE (8,162)-(15,162),-8
647 LINE (16,162)-(23,162),-7
648 LINE (0,163)-(7,163),-9
649 LINE (8,163)-(15,163),-8
650 LINE (16,163)-(23,163),-7
651 LINE (0,164)-(7,164),-9
652 LINE (8,164)-(15,164),-8
653 LINE (16,164)-(23,164),-7
654 LINE (0,165)-(7,165),-9
655 LINE (8,165)-(15,165),-8
656 LINE (16,165)-(23,165),-7
657 LINE (256,165)-(271,165),-8
658 LINE (0,166)-(7,166),-9
659 LINE (8,166)-(15,166),-8
660 LINE (16,166)-(23,166),-7
661 LINE (256,166)-(271,166),-8
662 LINE (0,167)-(7,167),-9
663 LINE (8,167)-(15,167),-8
664 LINE (16,167)-(23,167),-7
665 LINE (256,167)-(271,167),-8
666 LINE (0,168)-(7,168),-9
667 LINE (8,168)-(15,168),-8
668 LINE (16,168)-(23,168),-7
669 LINE (256,168)-(271,168),-8
670 LINE (0,169)-(7,169),-9
671 LINE (8,169)-(15,169),-8
672 LINE (16,169)-(23,169),-7
673 LINE (256,169)-(271,169),-8
674 LINE (0,170)-(7,170),-9
675 LINE (8,170)-(15,170),-8
676 LINE (16,170)-(23,170),-7
677 LINE (256,170)-(271,170),-8
678 LINE (0,171)-(7,171),-9
679 LINE (8,171)-(15,171),-8
680 LINE (16,171)-(23,171),-7
681 LINE (256,171)-(271,171),-8
682 LINE (0,172)-(7,172),-9
683 LINE (8,172)-(15,172),-8
684 LINE (16,172)-(23,172),-7
685 LINE (256,172)-(271,172),-8
686 LINE (0,173)-(7,173),-9
687 LINE (8,173)-(15,173),-8
688 LINE (16,173)-(23,173),-7
689 LINE (256,173)-(271,173),-8
690 LINE (0,174)-(7,174),-9
691 LINE (8,174)-(15,174),-8
692 LINE (16,174)-(23,174),-7
693 LINE (256,174)-(271,174),-8
694 LINE (0,175)-(7,175),-9
695 LINE (8,175)-(15,175),-8
696 LINE (16,175)-(23,175),-7
697 LINE (264,175)-(271,175),-8
698 LINE (0,176)-(7,176),-9
699 LINE (8,176)-(15,176),-8
700 LINE (16,176)-(31,176),-7
701 LINE (256,176)-(271,176),-8
702 LINE (0,177)-(7,177),-9
703 LINE (8,177)-(15,177),-8
704 LINE (16,177)-(31,177),-7
705 LINE (256,177)-(271,177),-8
706 LINE (0,178)-(7,178),-9
707 LINE (8,178)-(15,178),-8
708 LINE (16,178)-(31,178),-7
709 LINE (256,178)-(271,178),-8
710 LINE (0,179)-(7,179),-9
711 LINE (8,179)-(15,179),-8
712 LINE (16,179)-(31,179),-7
713 LINE (256,179)-(271,179),-8
714 LINE (0,180)-(7,180),-9
715 LINE (8,180)-(15,180),-8
716 LINE (16,180)-(31,180),-7
717 LINE (256,180)-(271,180),-8
718 LINE (0,181)-(7,181),-9
719 LINE (8,181)-(15,181),-8
720 LINE (16,181)-(31,181),-7
721 LINE (256,181)-(271,181),-8
722 LINE (0,182)-(7,182),-9
723 LINE (8,182)-(15,182),-8
724 LINE (16,182)-(31,182),-7
725 LINE (0,183)-(7,183),-9
726 LINE (8,183)-(15,183),-8
727 LINE (16,183)-(31,183),-7
728 LINE (0,184)-(199,184),-4
729 LINE (200,184)-(255,184),-3
730 LINE (0,185)-(255,185),-3
731 LINE (0,186)-(255,186),-8
732 LINE (0,187)-(255,187),-8
733 LINE (0,188)-(255,188),-8
734 LINE (0,189)-(255,189),-8
735 LINE (0,190)-(255,190),-8
736 LINE (0,191)-(255,191),-8
737 LINE (0,192)-(255,192),-8
738 LINE (0,193)-(255,193),-8
739 LINE (0,194)-(255,194),-8
740 LINE (0,195)-(255,195),-8
741 LINE (0,196)-(255,196),-8
742 LINE (0,197)-(255,197),-8
743 LINE (0,198)-(255,198),-8
744 LINE (0,199)-(255,199),-8
746 PALETTE 0,255:REM ** START FOREGROUND **
748 PSET (224,1),9
749 LINE (223,2)-(225,2),9
750 PSET (224,3),9
751 LINE (224,4)-(246,4),12
752 LINE (224,5)-(246,5),12
753 LINE (224,6)-(233,6),12
754 LINE (238,6)-(246,6),12
755 LINE (224,7)-(231,7),12
756 LINE (240,7)-(246,7),12
757 LINE (224,8)-(230,8),12
758 LINE (241,8)-(246,8),12
759 LINE (224,9)-(230,9),12
760 LINE (241,9)-(246,9),12
761 LINE (224,10)-(229,10),12
762 LINE (242,10)-(246,10),12
763 LINE (224,11)-(229,11),12
764 LINE (242,11)-(246,11),12
765 LINE (224,12)-(229,12),12
766 LINE (242,12)-(246,12),12
767 LINE (224,13)-(229,13),12
768 LINE (242,13)-(246,13),12
769 LINE (224,14)-(230,14),12
770 LINE (241,14)-(246,14),12
771 LINE (224,15)-(230,15),12
772 LINE (241,15)-(246,15),12
773 LINE (224,16)-(231,16),12
774 LINE (240,16)-(246,16),12
775 LINE (224,17)-(233,17),12
776 LINE (238,17)-(246,17),12
777 LINE (224,18)-(246,18),12
778 LINE (224,19)-(246,19),12
779 PSET (224,20),15
780 PSET (224,21),15
781 PSET (224,22),15
782 PSET (224,23),15
783 PSET (9,24),2
784 LINE (14,24)-(15,24),2
785 LINE (17,24)-(18,24),3
786 LINE (22,24)-(23,24),3
787 LINE (25,24)-(26,24),3
788 LINE (30,24)-(31,24),3
789 LINE (49,24)-(50,24),3
790 LINE (54,24)-(55,24),3
791 PSET (57,24),2
792 LINE (62,24)-(63,24),2
793 PSET (65,24),2
794 LINE (70,24)-(71,24),2
795 LINE (73,24)-(74,24),3
796 LINE (78,24)-(79,24),3
797 LINE (81,24)-(82,24),3
798 LINE (86,24)-(87,24),3
799 LINE (107,24)-(110,24),3
800 PSET (113,24),2
801 LINE (118,24)-(119,24),2
802 PSET (121,24),2
803 LINE (126,24)-(127,24),2
804 LINE (129,24)-(130,24),3
805 LINE (134,24)-(135,24),3
806 PSET (137,24),2
807 LINE (142,24)-(145,24),2
808 PSET (147,24),2
809 PSET (170,24),2
810 LINE (172,24)-(174,24),2
811 LINE (177,24)-(180,24),2
812 LINE (182,24)-(183,24),2
813 LINE (185,24)-(186,24),2
814 LINE (188,24)-(190,24),2
815 LINE (210,24)-(212,24),15
816 PSET (224,24),15
817 LINE (238,24)-(243,24),14
818 LINE (9,25)-(14,25),2
819 LINE (16,25)-(19,25),3
820 LINE (21,25)-(27,25),3
821 LINE (29,25)-(31,25),3
822 LINE (48,25)-(51,25),3
823 LINE (53,25)-(55,25),3
824 LINE (57,25)-(62,25),2
825 LINE (65,25)-(70,25),2
826 LINE (72,25)-(75,25),3
827 LINE (77,25)-(83,25),3
828 LINE (85,25)-(87,25),3
829 LINE (109,25)-(111,25),3
830 LINE (113,25)-(118,25),2
831 LINE (121,25)-(126,25),2
832 LINE (128,25)-(131,25),3
833 LINE (133,25)-(135,25),3
834 LINE (137,25)-(147,25),2
835 LINE (168,25)-(182,25),2
836 LINE (184,25)-(193,25),2
837 PSET (209,25),15
838 PSET (211,25),15
839 PSET (213,25),15
840 PSET (224,25),15
841 LINE (237,25)-(244,25),14
842 LINE (10,26)-(13,26),2
843 LINE (58,26)-(61,26),2
844 LINE (66,26)-(69,26),2
845 LINE (80,26)-(82,26),3
846 LINE (86,26)-(87,26),3
847 PSET (111,26),3
848 LINE (114,26)-(117,26),2
849 LINE (122,26)-(125,26),2
850 LINE (138,26)-(147,26),2
851 LINE (169,26)-(171,26),2
852 PSET (176,26),2
853 LINE (178,26)-(181,26),2
854 LINE (184,26)-(194,26),2
855 LINE (196,26)-(197,26),2
856 PSET (208,26),15
857 PSET (211,26),15
858 PSET (214,26),15
859 PSET (224,26),15
860 LINE (237,26)-(245,26),14
861 LINE (0,27)-(1,27),2
862 PSET (12,27),2
863 PSET (32,27),3
864 PSET (34,27),3
865 PSET (41,27),2
866 PSET (60,27),2
867 PSET (68,27),2
868 PSET (81,27),3
869 LINE (85,27)-(86,27),3
870 LINE (108,27)-(109,27),2
871 PSET (116,27),2
872 PSET (124,27),2
873 PSET (140,27),2
874 LINE (142,27)-(148,27),2
875 PSET (150,27),2
876 LINE (174,27)-(176,27),2
877 PSET (180,27),2
878 PSET (184,27),2
879 LINE (186,27)-(188,27),2
880 PSET (190,27),2
881 LINE (192,27)-(197,27),2
882 LINE (207,27)-(210,27),15
883 LINE (212,27)-(215,27),15
884 PSET (224,27),15
885 LINE (236,27)-(237,27),14
886 LINE (239,27)-(241,27),14
887 LINE (243,27)-(245,27),14
888 LINE (0,28)-(2,28),2
889 LINE (32,28)-(35,28),3
890 PSET (39,28),3
891 LINE (41,28)-(42,28),2
892 PSET (85,28),3
893 LINE (106,28)-(110,28),2
894 PSET (112,28),2
895 LINE (143,28)-(151,28),2
896 LINE (170,28)-(171,28),2
897 LINE (175,28)-(177,28),2
898 PSET (186,28),2
899 PSET (190,28),2
900 PSET (192,28),2
901 LINE (195,28)-(199,28),2
902 LINE (207,28)-(208,28),15
903 PSET (211,28),15
904 PSET (214,28),15
905 LINE (216,28)-(217,28),11
906 PSET (224,28),15
907 LINE (227,28)-(229,28),15
908 LINE (235,28)-(240,28),14
909 LINE (242,28)-(246,28),14
910 LINE (0,29)-(1,29),2
911 LINE (32,29)-(34,29),3
912 PSET (37,29),3
913 PSET (39,29),3
914 LINE (40,29)-(41,29),2
915 LINE (104,29)-(107,29),2
916 LINE (111,29)-(113,29),2
917 PSET (138,29),2
918 LINE (144,29)-(150,29),2
919 LINE (170,29)-(171,29),2
920 LINE (173,29)-(177,29),2
921 PSET (189,29),2
922 LINE (194,29)-(195,29),2
923 LINE (198,29)-(199,29),2
924 PSET (207,29),15
925 PSET (209,29),15
926 PSET (211,29),15
927 PSET (213,29),15
928 LINE (218,29)-(219,29),4
929 PSET (224,29),15
930 PSET (226,29),15
931 PSET (228,29),15
932 PSET (230,29),15
933 LINE (234,29)-(240,29),14
934 LINE (242,29)-(244,29),14
935 PSET (246,29),14
936 LINE (0,30)-(3,30),2
937 LINE (32,30)-(33,30),3
938 LINE (36,30)-(39,30),3
939 LINE (40,30)-(43,30),2
940 PSET (79,30),2
941 LINE (104,30)-(105,30),2
942 PSET (112,30),2
943 LINE (137,30)-(139,30),2
944 LINE (143,30)-(151,30),2
945 LINE (171,30)-(176,30),2
946 PSET (194,30),2
947 LINE (197,30)-(199,30),2
948 PSET (207,30),4
949 LINE (210,30)-(212,30),15
950 PSET (214,30),15
951 LINE (220,30)-(221,30),11
952 LINE (224,30)-(225,30),15
953 PSET (228,30),15
954 PSET (231,30),15
955 LINE (234,30)-(241,30),14
956 LINE (245,30)-(246,30),14
957 LINE (0,31)-(4,31),2
958 LINE (32,31)-(34,31),3
959 LINE (37,31)-(38,31),3
960 LINE (39,31)-(44,31),2
961 PSET (80,31),2
962 LINE (83,31)-(84,31),2
963 PSET (104,31),2
964 LINE (106,31)-(107,31),2
965 PSET (138,31),2
966 LINE (142,31)-(144,31),2
967 LINE (148,31)-(151,31),2
968 LINE (168,31)-(173,31),2
969 PSET (196,31),2
970 PSET (199,31),2
971 PSET (207,31),4
972 PSET (215,31),15
973 LINE (222,31)-(223,31),4
974 LINE (224,31)-(227,31),15
975 LINE (229,31)-(231,31),15
976 LINE (235,31)-(236,31),14
977 LINE (238,31)-(245,31),14
978 LINE (1,32)-(7,32),2
979 LINE (9,32)-(10,32),2
980 PSET (28,32),2
981 LINE (30,32)-(31,32),2
982 LINE (37,32)-(44,32),2
983 LINE (63,32)-(65,32),2
984 PSET (67,32),2
985 LINE (80,32)-(85,32),2
986 LINE (104,32)-(106,32),2
987 PSET (109,32),2
988 LINE (112,32)-(113,32),2
989 PSET (115,32),2
990 LINE (128,32)-(129,32),2
991 PSET (131,32),2
992 LINE (137,32)-(140,32),2
993 LINE (143,32)-(145,32),2
994 LINE (147,32)-(151,32),2
995 LINE (168,32)-(169,32),2
996 PSET (196,32),2
997 PSET (199,32),2
998 PSET (207,32),11
999 PSET (216,32),15
1000 LINE (224,32)-(225,32),15
1001 PSET (228,32),15
1002 PSET (231,32),15
1003 LINE (237,32)-(245,32),14
1004 LINE (2,33)-(10,33),2
1005 LINE (28,33)-(30,33),2
1006 PSET (34,33),2
1007 LINE (36,33)-(46,33),2
1008 LINE (62,33)-(63,33),2
1009 LINE (65,33)-(67,33),2
1010 PSET (77,33),2
1011 LINE (79,33)-(86,33),2
1012 LINE (104,33)-(105,33),2
1013 LINE (108,33)-(110,33),2
1014 LINE (113,33)-(115,33),2
1015 LINE (129,33)-(131,33),2
1016 PSET (139,33),2
1017 LINE (144,33)-(150,33),2
1018 LINE (168,33)-(170,33),2
1019 LINE (173,33)-(174,33),2
1020 PSET (177,33),2
1021 PSET (194,33),2
1022 LINE (197,33)-(199,33),2
1023 PSET (207,33),11
1024 PSET (217,33),15
1025 PSET (224,33),15
1026 PSET (226,33),15
1027 PSET (228,33),15
1028 PSET (230,33),15
1029 PSET (239,33),14
1030 LINE (240,33)-(246,33),9
1031 LINE (1,34)-(2,34),2
1032 LINE (4,34)-(12,34),2
1033 PSET (28,34),2
1034 PSET (30,34),2
1035 LINE (33,34)-(46,34),2
1036 PSET (60,34),2
1037 PSET (62,34),2
1038 PSET (65,34),2
1039 PSET (67,34),2
1040 LINE (78,34)-(86,34),2
1041 LINE (105,34)-(111,34),2
1042 PSET (113,34),2
1043 PSET (115,34),2
1044 PSET (129,34),2
1045 PSET (131,34),2
1046 PSET (141,34),2
1047 LINE (143,34)-(148,34),2
1048 PSET (150,34),2
1049 LINE (169,34)-(175,34),2
1050 PSET (177,34),2
1051 LINE (194,34)-(195,34),2
1052 LINE (198,34)-(199,34),2
1053 PSET (207,34),4
1054 PSET (218,34),15
1055 PSET (224,34),15
1056 LINE (227,34)-(229,34),15
1057 LINE (239,34)-(242,34),9
1058 LINE (245,34)-(247,34),9
1059 PSET (0,35),2
1060 PSET (2,35),2
1061 LINE (5,35)-(11,35),2
1062 PSET (14,35),2
1063 LINE (16,35)-(17,35),2
1064 PSET (25,35),2
1065 LINE (27,35)-(28,35),2
1066 LINE (34,35)-(45,35),2
1067 LINE (58,35)-(63,35),2
1068 LINE (67,35)-(68,35),2
1069 PSET (70,35),2
1070 PSET (78,35),2
1071 LINE (80,35)-(83,35),2
1072 PSET (85,35),2
1073 LINE (108,35)-(111,35),2
1074 LINE (115,35)-(116,35),2
1075 PSET (118,35),2
1076 LINE (131,35)-(132,35),2
1077 PSET (134,35),2
1078 LINE (140,35)-(148,35),2
1079 LINE (171,35)-(176,35),2
1080 PSET (192,35),2
1081 LINE (195,35)-(199,35),2
1082 PSET (207,35),4
1083 PSET (219,35),15
1084 PSET (224,35),15
1085 LINE (229,35)-(231,35),15
1086 LINE (232,35)-(233,35),11
1087 LINE (236,35)-(237,35),11
1088 LINE (244,35)-(247,35),9
1089 LINE (1,36)-(5,36),2
1090 LINE (8,36)-(18,36),2
1091 LINE (24,36)-(29,36),2
1092 LINE (36,36)-(43,36),2
1093 LINE (59,36)-(60,36),2
1094 PSET (62,36),2
1095 LINE (66,36)-(71,36),2
1096 LINE (76,36)-(77,36),2
1097 LINE (79,36)-(82,36),2
1098 LINE (109,36)-(112,36),2
1099 LINE (114,36)-(119,36),2
1100 LINE (130,36)-(135,36),2
1101 PSET (141,36),2
1102 LINE (143,36)-(149,36),2
1103 LINE (170,36)-(175,36),2
1104 PSET (189,36),2
1105 LINE (191,36)-(197,36),2
1106 PSET (207,36),11
1107 LINE (216,36)-(228,36),9
1108 LINE (240,36)-(247,36),9
1109 PSET (0,37),2
1110 PSET (2,37),2
1111 PSET (4,37),2
1112 LINE (6,37)-(17,37),2
1113 PSET (25,37),2
1114 PSET (27,37),2
1115 LINE (35,37)-(44,37),2
1116 PSET (57,37),2
1117 PSET (59,37),2
1118 PSET (68,37),2
1119 PSET (70,37),2
1120 PSET (73,37),2
1121 LINE (76,37)-(81,37),2
1122 LINE (108,37)-(111,37),2
1123 PSET (116,37),2
1124 PSET (118,37),2
1125 PSET (132,37),2
1126 PSET (134,37),2
1127 PSET (137,37),2
1128 LINE (144,37)-(145,37),2
1129 PSET (147,37),2
1130 LINE (170,37)-(175,37),2
1131 PSET (177,37),2
1132 PSET (186,37),2
1133 LINE (190,37)-(194,37),2
1134 LINE (196,37)-(197,37),2
1135 PSET (207,37),11
1136 PSET (216,37),9
1137 PSET (218,37),9
1138 PSET (220,37),9
1139 PSET (222,37),9
1140 PSET (224,37),9
1141 PSET (226,37),9
1142 PSET (228,37),9
1143 LINE (241,37)-(246,37),9
1144 LINE (0,38)-(4,38),2
1145 LINE (7,38)-(19,38),2
1146 LINE (24,38)-(25,38),2
1147 LINE (36,38)-(43,38),2
1148 LINE (57,38)-(59,38),2
1149 LINE (70,38)-(74,38),2
1150 LINE (77,38)-(81,38),2
1151 LINE (110,38)-(111,38),2
1152 LINE (118,38)-(119,38),2
1153 LINE (134,38)-(138,38),2
1154 LINE (141,38)-(142,38),2
1155 LINE (144,38)-(145,38),2
1156 LINE (172,38)-(178,38),2
1157 LINE (181,38)-(182,38),2
1158 LINE (185,38)-(186,38),2
1159 PSET (188,38),2
1160 LINE (190,38)-(193,38),2
1161 PSET (207,38),4
1162 PSET (216,38),9
1163 PSET (218,38),9
1164 PSET (220,38),9
1165 PSET (222,38),9
1166 PSET (224,38),9
1167 PSET (226,38),9
1168 PSET (228,38),9
1169 LINE (242,38)-(243,38),14
1170 LINE (245,38)-(246,38),14
1171 LINE (0,39)-(6,39),2
1172 LINE (8,39)-(20,39),2
1173 PSET (24,39),2
1174 LINE (36,39)-(43,39),2
1175 LINE (56,39)-(57,39),2
1176 PSET (59,39),2
1177 LINE (71,39)-(72,39),2
1178 LINE (74,39)-(77,39),2
1179 LINE (79,39)-(80,39),2
1180 PSET (109,39),2
1181 LINE (111,39)-(112,39),2
1182 PSET (119,39),2
1183 LINE (135,39)-(136,39),2
1184 LINE (138,39)-(141,39),2
1185 LINE (143,39)-(144,39),2
1186 LINE (171,39)-(172,39),2
1187 LINE (174,39)-(176,39),2
1188 LINE (178,39)-(181,39),2
1189 PSET (183,39),2
1190 LINE (185,39)-(191,39),2
1191 PSET (207,39),4
1192 PSET (216,39),9
1193 PSET (218,39),9
1194 PSET (220,39),9
1195 PSET (222,39),9
1196 PSET (224,39),9
1197 PSET (226,39),9
1198 PSET (228,39),9
1199 LINE (241,39)-(243,39),3
1200 LINE (245,39)-(246,39),3
1201 LINE (0,40)-(7,40),2
1202 LINE (9,40)-(20,40),2
1203 LINE (36,40)-(44,40),2
1204 PSET (76,40),2
1205 LINE (78,40)-(79,40),2
1206 PSET (112,40),2
1207 PSET (115,40),2
1208 PSET (124,40),2
1209 LINE (127,40)-(128,40),2
1210 PSET (131,40),2
1211 LINE (140,40)-(145,40),2
1212 LINE (171,40)-(172,40),2
1213 LINE (174,40)-(176,40),2
1214 LINE (178,40)-(180,40),2
1215 LINE (182,40)-(183,40),2
1216 LINE (186,40)-(188,40),2
1217 LINE (190,40)-(191,40),2
1218 PSET (206,40),15
1219 PSET (208,40),15
1220 LINE (216,40)-(255,40),3
1221 LINE (0,41)-(7,41),2
1222 LINE (10,41)-(22,41),2
1223 LINE (37,41)-(46,41),2
1224 PSET (74,41),2
1225 LINE (77,41)-(79,41),2
1226 LINE (112,41)-(114,41),2
1227 PSET (117,41),2
1228 PSET (122,41),2
1229 LINE (125,41)-(130,41),2
1230 PSET (133,41),2
1231 PSET (138,41),2
1232 LINE (141,41)-(143,41),2
1233 LINE (145,41)-(146,41),2
1234 LINE (176,41)-(179,41),2
1235 LINE (181,41)-(182,41),2
1236 LINE (184,41)-(187,41),2
1237 LINE (189,41)-(190,41),2
1238 PSET (204,41),12
1239 PSET (207,41),12
1240 PSET (210,41),13
1241 LINE (218,41)-(223,41),3
1242 LINE (224,41)-(255,41),2
1243 LINE (0,42)-(7,42),2
1244 LINE (9,42)-(10,42),2
1245 LINE (12,42)-(23,42),2
1246 LINE (36,42)-(47,42),2
1247 PSET (69,42),2
1248 LINE (73,42)-(75,42),2
1249 LINE (78,42)-(79,42),2
1250 LINE (112,42)-(113,42),2
1251 LINE (116,42)-(118,42),2
1252 LINE (122,42)-(123,42),2
1253 LINE (126,42)-(129,42),2
1254 LINE (132,42)-(133,42),2
1255 PSET (136,42),2
1256 LINE (138,42)-(139,42),2
1257 LINE (142,42)-(143,42),2
1258 LINE (176,42)-(179,42),2
1259 LINE (184,42)-(187,42),2
1260 LINE (202,42)-(203,42),12
1261 LINE (206,42)-(207,42),12
1262 PSET (208,42),13
1263 LINE (211,42)-(212,42),13
1264 LINE (219,42)-(225,42),5
1265 PSET (232,42),8
1266 LINE (234,42)-(239,42),8
1267 LINE (0,43)-(8,43),2
1268 PSET (10,43),2
1269 LINE (13,43)-(23,43),2
1270 LINE (36,43)-(47,43),2
1271 PSET (66,43),2
1272 PSET (70,43),2
1273 LINE (72,43)-(78,43),2
1274 LINE (113,43)-(126,43),2
1275 LINE (129,43)-(142,43),2
1276 LINE (177,43)-(178,43),2
1277 LINE (185,43)-(186,43),2
1278 LINE (201,43)-(202,43),12
1279 LINE (206,43)-(207,43),12
1280 PSET (208,43),13
1281 LINE (212,43)-(213,43),13
1282 LINE (222,43)-(224,43),5
1283 PSET (233,43),8
1284 LINE (235,43)-(236,43),8
1285 LINE (240,43)-(241,43),8
1286 LINE (245,43)-(247,43),8
1287 LINE (0,44)-(7,44),2
1288 LINE (9,44)-(13,44),2
1289 LINE (16,44)-(22,44),2
1290 LINE (37,44)-(46,44),2
1291 PSET (61,44),2
1292 LINE (63,44)-(64,44),2
1293 LINE (66,44)-(68,44),2
1294 PSET (70,44),2
1295 LINE (72,44)-(77,44),2
1296 LINE (114,44)-(125,44),2
1297 LINE (130,44)-(141,44),2
1298 LINE (200,44)-(201,44),12
1299 LINE (205,44)-(207,44),12
1300 LINE (208,44)-(209,44),13
1301 LINE (213,44)-(214,44),13
1302 LINE (221,44)-(223,44),7
1303 LINE (225,44)-(227,44),5
1304 LINE (232,44)-(234,44),8
1305 LINE (236,44)-(240,44),8
1306 PSET (247,44),8
1307 LINE (0,45)-(8,45),2
1308 PSET (10,45),2
1309 PSET (12,45),2
1310 LINE (14,45)-(22,45),2
1311 LINE (38,45)-(46,45),2
1312 PSET (58,45),2
1313 LINE (62,45)-(74,45),2
1314 LINE (76,45)-(77,45),2
1315 LINE (114,45)-(115,45),2
1316 LINE (117,45)-(122,45),2
1317 LINE (124,45)-(125,45),2
1318 LINE (130,45)-(131,45),2
1319 LINE (133,45)-(138,45),2
1320 LINE (140,45)-(141,45),2
1321 LINE (200,45)-(201,45),12
1322 LINE (205,45)-(207,45),12
1323 LINE (208,45)-(209,45),13
1324 LINE (213,45)-(214,45),13
1325 LINE (222,45)-(223,45),8
1326 PSET (228,45),5
1327 PSET (233,45),8
1328 LINE (242,45)-(244,45),5
1329 LINE (0,46)-(12,46),2
1330 LINE (15,46)-(23,46),2
1331 LINE (39,46)-(47,46),2
1332 LINE (57,46)-(58,46),2
1333 PSET (60,46),2
1334 LINE (62,46)-(73,46),2
1335 LINE (118,46)-(121,46),2
1336 LINE (134,46)-(137,46),2
1337 LINE (200,46)-(202,46),4
1338 LINE (204,46)-(206,46),4
1339 LINE (208,46)-(210,46),5
1340 LINE (212,46)-(214,46),5
1341 LINE (223,46)-(225,46),8
1342 LINE (236,46)-(237,46),8
1343 LINE (241,46)-(243,46),8
1344 LINE (246,46)-(247,46),8
1345 LINE (0,47)-(14,47),2
1346 LINE (16,47)-(22,47),2
1347 LINE (40,47)-(47,47),2
1348 LINE (57,47)-(63,47),2
1349 LINE (65,47)-(66,47),2
1350 LINE (68,47)-(70,47),2
1351 PSET (201,47),4
1352 PSET (205,47),4
1353 PSET (209,47),5
1354 PSET (213,47),5
1355 LINE (224,47)-(226,47),8
1356 LINE (235,47)-(244,47),8
1357 LINE (246,47)-(247,47),8
1358 PSET (249,47),7
1359 LINE (1,48)-(20,48),2
1360 LINE (42,48)-(46,48),2
1361 PSET (52,48),2
1362 PSET (55,48),2
1363 LINE (58,48)-(60,48),2
1364 LINE (62,48)-(63,48),2
1365 LINE (207,48)-(213,48),14
1366 PSET (224,48),8
1367 LINE (234,48)-(242,48),8
1368 LINE (245,48)-(247,48),8
1369 PSET (251,48),7
1370 LINE (2,49)-(22,49),2
1371 LINE (43,49)-(46,49),2
1372 PSET (50,49),2
1373 LINE (53,49)-(59,49),2
1374 LINE (61,49)-(62,49),2
1375 LINE (206,49)-(214,49),14
1376 PSET (223,49),5
1377 LINE (227,49)-(229,49),5
1378 LINE (233,49)-(241,49),8
1379 LINE (245,49)-(247,49),8
1380 LINE (1,50)-(2,50),2
1381 LINE (4,50)-(22,50),2
1382 LINE (42,50)-(47,50),2
1383 LINE (50,50)-(51,50),2
1384 LINE (54,50)-(59,50),2
1385 LINE (206,50)-(212,50),14
1386 PSET (215,50),14
1387 LINE (223,50)-(227,50),5
1388 LINE (232,50)-(241,50),8
1389 LINE (245,50)-(246,50),8
1390 PSET (0,51),2
1391 PSET (2,51),2
1392 LINE (5,51)-(21,51),2
1393 LINE (42,51)-(49,51),2
1394 LINE (51,51)-(55,51),2
1395 LINE (57,51)-(58,51),2
1396 LINE (206,51)-(207,51),14
1397 LINE (209,51)-(211,51),14
1398 LINE (213,51)-(215,51),14
1399 LINE (222,51)-(224,51),5
1400 LINE (230,51)-(233,51),8
1401 LINE (236,51)-(240,51),8
1402 LINE (244,51)-(245,51),8
1403 LINE (1,52)-(5,52),2
1404 LINE (8,52)-(19,52),2
1405 LINE (44,52)-(48,52),2
1406 LINE (50,52)-(53,52),2
1407 LINE (205,52)-(207,52),14
1408 LINE (209,52)-(210,52),14
1409 LINE (212,52)-(215,52),14
1410 LINE (221,52)-(223,52),5
1411 LINE (228,52)-(231,52),8
1412 LINE (239,52)-(240,52),8
1413 LINE (243,52)-(245,52),8
1414 LINE (1,53)-(15,53),2
1415 LINE (40,53)-(45,53),2
1416 LINE (204,53)-(210,53),14
1417 LINE (212,53)-(215,53),14
1418 PSET (218,53),7
1419 LINE (220,53)-(223,53),7
1420 PSET (225,53),5
1421 PSET (227,53),5
1422 LINE (233,53)-(236,53),8
1423 LINE (240,53)-(244,53),8
1424 LINE (0,54)-(12,54),2
1425 PSET (36,54),2
1426 LINE (39,54)-(42,54),2
1427 PSET (204,54),14
1428 LINE (206,54)-(211,54),14
1429 LINE (214,54)-(215,54),14
1430 LINE (217,54)-(224,54),5
1431 PSET (226,54),5
1432 PSET (232,54),8
1433 LINE (241,54)-(243,54),8
1434 PSET (247,54),8
1435 LINE (0,55)-(11,55),2
1436 PSET (34,55),2
1437 LINE (37,55)-(40,55),2
1438 PSET (202,55),14
1439 LINE (204,55)-(215,55),14
1440 PSET (216,55),5
1441 LINE (219,55)-(220,55),5
1442 PSET (231,55),8
1443 PSET (236,55),5
1444 PSET (247,55),8
1445 LINE (0,56)-(9,56),2
1446 LINE (34,56)-(35,56),2
1447 LINE (38,56)-(39,56),2
1448 PSET (201,56),14
1449 LINE (205,56)-(206,56),14
1450 LINE (208,56)-(214,56),14
1451 PSET (218,56),5
1452 LINE (225,56)-(231,56),8
1453 PSET (235,56),5
1454 PSET (247,56),8
1455 LINE (0,57)-(10,57),2
1456 LINE (32,57)-(38,57),2
1457 PSET (201,57),14
1458 LINE (207,57)-(215,57),14
1459 LINE (216,57)-(217,57),8
1460 LINE (222,57)-(226,57),8
1461 LINE (229,57)-(232,57),8
1462 PSET (236,57),8
1463 PSET (240,57),8
1464 LINE (246,57)-(247,57),8
1465 LINE (250,57)-(251,57),7
1466 LINE (0,58)-(3,58),2
1467 PSET (6,58),2
1468 LINE (8,58)-(9,58),2
1469 PSET (29,58),2
1470 LINE (31,58)-(37,58),2
1471 PSET (200,58),14
1472 LINE (209,58)-(213,58),14
1473 PSET (215,58),14
1474 LINE (217,58)-(227,58),8
1475 LINE (230,58)-(234,58),8
1476 LINE (238,58)-(241,58),8
1477 LINE (244,58)-(247,58),8
1478 PSET (249,58),7
1479 PSET (252,58),7
1480 LINE (0,59)-(4,59),2
1481 PSET (26,59),2
1482 LINE (30,59)-(34,59),2
1483 LINE (36,59)-(37,59),2
1484 PSET (200,59),14
1485 PSET (204,59),14
1486 LINE (206,59)-(208,59),14
1487 PSET (209,59),3
1488 LINE (211,59)-(212,59),3
1489 LINE (214,59)-(215,59),3
1490 LINE (216,59)-(217,59),5
1491 LINE (224,59)-(228,59),8
1492 LINE (232,59)-(241,59),8
1493 LINE (246,59)-(247,59),8
1494 LINE (0,60)-(2,60),2
1495 LINE (25,60)-(26,60),2
1496 PSET (28,60),2
1497 LINE (30,60)-(33,60),2
1498 LINE (201,60)-(207,60),15
1499 LINE (208,60)-(209,60),12
1500 LINE (211,60)-(212,60),12
1501 LINE (214,60)-(215,60),12
1502 LINE (220,60)-(225,60),8
1503 LINE (234,60)-(240,60),8
1504 PSET (247,60),8
1505 LINE (1,61)-(2,61),2
1506 LINE (25,61)-(31,61),2
1507 PSET (200,61),15
1508 LINE (208,61)-(215,61),12
1509 LINE (217,61)-(224,61),7
1510 LINE (226,61)-(227,61),5
1511 LINE (241,61)-(242,61),5
1512 LINE (0,62)-(1,62),2
1513 PSET (3,62),2
1514 PSET (12,62),2
1515 LINE (14,62)-(16,62),2
1516 LINE (18,62)-(19,62),2
1517 LINE (22,62)-(23,62),2
1518 LINE (26,62)-(28,62),2
1519 LINE (30,62)-(31,62),2
1520 PSET (200,62),15
1521 LINE (208,62)-(215,62),12
1522 LINE (218,62)-(223,62),8
1523 LINE (236,62)-(239,62),8
1524 PSET (247,62),8
1525 LINE (0,63)-(3,63),2
1526 PSET (5,63),2
1527 PSET (10,63),2
1528 LINE (12,63)-(20,63),2
1529 LINE (23,63)-(27,63),2
1530 LINE (29,63)-(30,63),2
1531 PSET (201,63),15
1532 LINE (209,63)-(215,63),13
1533 LINE (219,63)-(220,63),8
1534 PSET (223,63),8
1535 PSET (240,63),8
1536 LINE (246,63)-(247,63),8
1537 LINE (0,64)-(17,64),2
1538 LINE (20,64)-(27,64),2
1539 LINE (200,64)-(202,64),4
1540 LINE (204,64)-(206,64),4
1541 LINE (208,64)-(210,64),5
1542 LINE (212,64)-(214,64),5
1543 PSET (217,64),15
1544 PSET (230,64),15
1545 LINE (235,64)-(240,64),8
1546 LINE (245,64)-(247,64),8
1547 LINE (1,65)-(3,65),2
1548 LINE (5,65)-(13,65),2
1549 LINE (15,65)-(17,65),2
1550 LINE (19,65)-(22,65),2
1551 LINE (25,65)-(26,65),2
1552 LINE (200,65)-(201,65),12
1553 LINE (205,65)-(207,65),12
1554 LINE (208,65)-(209,65),13
1555 LINE (213,65)-(214,65),13
1556 PSET (217,65),15
1557 PSET (230,65),15
1558 LINE (236,65)-(239,65),8
1559 LINE (243,65)-(247,65),8
1560 PSET (2,66),2
1561 LINE (5,66)-(6,66),2
1562 LINE (9,66)-(10,66),2
1563 LINE (12,66)-(13,66),2
1564 PSET (16,66),2
1565 LINE (19,66)-(21,66),2
1566 LINE (200,66)-(201,66),12
1567 LINE (205,66)-(207,66),12
1568 LINE (208,66)-(209,66),13
1569 LINE (213,66)-(214,66),13
1570 LINE (217,66)-(230,66),15
1571 LINE (237,66)-(239,66),8
1572 LINE (8,67)-(10,67),2
1573 LINE (201,67)-(202,67),12
1574 LINE (206,67)-(207,67),12
1575 PSET (208,67),13
1576 LINE (212,67)-(213,67),13
1577 PSET (217,67),15
1578 PSET (230,67),15
1579 LINE (237,67)-(239,67),7
1580 LINE (246,67)-(247,67),8
1581 LINE (8,68)-(9,68),2
1582 LINE (202,68)-(203,68),12
1583 LINE (206,68)-(207,68),12
1584 PSET (208,68),13
1585 LINE (211,68)-(212,68),13
1586 PSET (217,68),15
1587 PSET (230,68),15
1588 LINE (238,68)-(240,68),5
1589 PSET (242,68),5
1590 LINE (249,68)-(250,68),7
1591 PSET (204,69),12
1592 PSET (207,69),12
1593 PSET (210,69),13
1594 PSET (217,69),15
1595 PSET (230,69),15
1596 LINE (237,69)-(239,69),5
1597 PSET (247,69),8
1598 LINE (205,70)-(207,70),12
1599 LINE (208,70)-(209,70),13
1600 LINE (217,70)-(230,70),15
1601 LINE (237,70)-(239,70),7
1602 LINE (245,70)-(247,70),8
1603 PSET (217,71),15
1604 PSET (230,71),15
1605 LINE (238,71)-(239,71),5
1606 LINE (242,71)-(247,71),8
1607 LINE (16,72)-(19,72),8
1608 PSET (217,72),15
1609 PSET (230,72),15
1610 LINE (238,72)-(239,72),7
1611 LINE (244,72)-(247,72),8
1612 PSET (248,72),7
1613 LINE (16,73)-(17,73),8
1614 PSET (217,73),15
1615 PSET (230,73),15
1616 LINE (237,73)-(239,73),5
1617 LINE (242,73)-(247,73),8
1618 PSET (16,74),8
1619 LINE (217,74)-(230,74),15
1620 LINE (237,74)-(239,74),7
1621 PSET (247,74),8
1622 LINE (249,74)-(250,74),7
1623 PSET (16,75),8
1624 PSET (217,75),15
1625 PSET (230,75),15
1626 LINE (238,75)-(239,75),7
1627 LINE (241,75)-(247,75),8
1628 PSET (248,75),7
1629 PSET (251,75),7
1630 PSET (217,76),15
1631 PSET (230,76),15
1632 LINE (237,76)-(241,76),8
1633 LINE (245,76)-(247,76),8
1634 PSET (248,76),7
1635 PSET (11,77),7
1636 PSET (217,77),15
1637 PSET (230,77),15
1638 LINE (237,77)-(239,77),7
1639 PSET (247,77),8
1640 PSET (249,77),7
1641 PSET (10,78),7
1642 LINE (217,78)-(230,78),15
1643 LINE (236,78)-(240,78),5
1644 PSET (242,78),5
1645 PSET (10,79),7
1646 PSET (217,79),15
1647 PSET (230,79),15
1648 LINE (235,79)-(239,79),5
1649 LINE (8,80)-(13,80),8
1650 LINE (218,80)-(221,80),5
1651 LINE (232,80)-(234,80),5
1652 LINE (236,80)-(237,80),5
1653 LINE (246,80)-(247,80),8
1654 LINE (8,81)-(12,81),8
1655 LINE (218,81)-(225,81),5
1656 LINE (227,81)-(228,81),5
1657 LINE (242,81)-(247,81),8
1658 LINE (8,82)-(11,82),8
1659 LINE (217,82)-(223,82),5
1660 LINE (233,82)-(235,82),8
1661 LINE (240,82)-(243,82),5
1662 PSET (245,82),5
1663 LINE (8,83)-(11,83),8
1664 PSET (23,83),6
1665 LINE (217,83)-(223,83),7
1666 LINE (227,83)-(238,83),8
1667 PSET (241,83),5
1668 PSET (248,83),7
1669 PSET (250,83),7
1670 LINE (8,84)-(12,84),8
1671 LINE (16,84)-(19,84),7
1672 LINE (216,84)-(217,84),5
1673 LINE (226,84)-(236,84),8
1674 LINE (243,84)-(247,84),8
1675 LINE (9,85)-(11,85),8
1676 LINE (16,85)-(17,85),7
1677 PSET (219,85),8
1678 LINE (221,85)-(227,85),8
1679 LINE (233,85)-(235,85),8
1680 LINE (239,85)-(240,85),8
1681 LINE (245,85)-(247,85),8
1682 PSET (7,86),7
1683 LINE (8,86)-(10,86),8
1684 PSET (16,86),7
1685 LINE (217,86)-(223,86),7
1686 LINE (224,86)-(226,86),8
1687 PSET (234,86),8
1688 LINE (238,86)-(241,86),8
1689 LINE (246,86)-(247,86),8
1690 PSET (7,87),7
1691 LINE (8,87)-(9,87),8
1692 PSET (23,87),5
1693 LINE (218,87)-(223,87),7
1694 PSET (226,87),8
1695 PSET (234,87),8
1696 LINE (237,87)-(239,87),8
1697 PSET (242,87),8
1698 LINE (244,87)-(247,87),8
1699 LINE (9,88)-(10,88),8
1700 LINE (16,88)-(17,88),7
1701 LINE (217,88)-(223,88),5
1702 PSET (227,88),8
1703 LINE (239,88)-(241,88),8
1704 PSET (247,88),8
1705 LINE (8,89)-(11,89),8
1706 PSET (16,89),7
1707 LINE (216,89)-(217,89),5
1708 LINE (219,89)-(221,89),5
1709 LINE (228,89)-(229,89),8
1710 LINE (242,89)-(243,89),5
1711 LINE (8,90)-(11,90),8
1712 PSET (16,90),7
1713 LINE (217,90)-(224,90),7
1714 LINE (230,90)-(232,90),8
1715 PSET (241,90),5
1716 PSET (248,90),7
1717 LINE (8,91)-(10,91),8
1718 LINE (225,91)-(226,91),5
1719 LINE (234,91)-(236,91),5
1720 LINE (246,91)-(247,91),8
1721 PSET (8,92),8
1722 LINE (216,92)-(217,92),8
1723 LINE (220,92)-(221,92),8
1724 PSET (224,92),5
1725 PSET (233,92),5
1726 LINE (241,92)-(242,92),8
1727 LINE (245,92)-(247,92),8
1728 PSET (15,93),6
1729 PSET (23,93),5
1730 LINE (217,93)-(223,93),8
1731 LINE (231,93)-(232,93),8
1732 LINE (238,93)-(245,93),8
1733 LINE (247,93)-(249,93),7
1734 PSET (5,94),7
1735 PSET (7,94),7
1736 PSET (15,94),6
1737 PSET (23,94),5
1738 LINE (218,94)-(224,94),8
1739 LINE (229,94)-(231,94),8
1740 LINE (236,94)-(244,94),8
1741 LINE (246,94)-(247,94),8
1742 PSET (250,94),7
1743 PSET (4,95),7
1744 PSET (7,95),7
1745 PSET (15,95),6
1746 LINE (22,95)-(23,95),5
1747 LINE (219,95)-(220,95),8
1748 PSET (223,95),8
1749 LINE (240,95)-(241,95),8
1750 LINE (245,95)-(247,95),8
1751 PSET (4,96),7
1752 LINE (14,96)-(15,96),6
1753 LINE (21,96)-(23,96),5
1754 PSET (217,96),15
1755 PSET (230,96),15
1756 LINE (235,96)-(240,96),8
1757 LINE (246,96)-(247,96),8
1758 PSET (4,97),7
1759 LINE (14,97)-(15,97),6
1760 LINE (21,97)-(23,97),5
1761 PSET (217,97),15
1762 PSET (230,97),15
1763 LINE (236,97)-(241,97),8
1764 LINE (246,97)-(247,97),8
1765 PSET (3,98),7
1766 PSET (7,98),7
1767 LINE (13,98)-(15,98),6
1768 LINE (21,98)-(23,98),5
1769 LINE (217,98)-(230,98),15
1770 LINE (237,98)-(239,98),7
1771 LINE (240,98)-(242,98),8
1772 LINE (246,98)-(247,98),8
1773 PSET (3,99),7
1774 PSET (7,99),7
1775 LINE (13,99)-(15,99),6
1776 LINE (22,99)-(23,99),5
1777 PSET (217,99),15
1778 PSET (230,99),15
1779 LINE (237,99)-(239,99),7
1780 PSET (240,99),8
1781 LINE (245,99)-(247,99),8
1782 PSET (248,99),7
1783 PSET (251,99),7
1784 PSET (3,100),7
1785 PSET (7,100),7
1786 LINE (14,100)-(15,100),6
1787 PSET (23,100),5
1788 PSET (217,100),15
1789 PSET (230,100),15
1790 LINE (238,100)-(239,100),7
1791 LINE (242,100)-(247,100),8
1792 LINE (249,100)-(251,100),7
1793 PSET (3,101),7
1794 LINE (14,101)-(15,101),6
1795 PSET (23,101),5
1796 PSET (217,101),15
1797 PSET (230,101),15
1798 LINE (237,101)-(239,101),5
1799 PSET (241,101),5
1800 LINE (248,101)-(252,101),7
1801 PSET (4,102),7
1802 LINE (14,102)-(15,102),6
1803 PSET (23,102),5
1804 LINE (217,102)-(230,102),15
1805 LINE (237,102)-(239,102),7
1806 LINE (245,102)-(247,102),8
1807 PSET (4,103),7
1808 PSET (15,103),6
1809 PSET (23,103),5
1810 PSET (217,103),15
1811 PSET (230,103),15
1812 LINE (238,103)-(239,103),7
1813 LINE (243,103)-(247,103),8
1814 PSET (8,104),8
1815 PSET (23,104),5
1816 PSET (217,104),15
1817 PSET (230,104),15
1818 LINE (238,104)-(239,104),5
1819 PSET (242,104),8
1820 LINE (246,104)-(247,104),8
1821 PSET (5,105),7
1822 LINE (8,105)-(9,105),8
1823 LINE (22,105)-(23,105),5
1824 PSET (217,105),15
1825 PSET (230,105),15
1826 LINE (237,105)-(239,105),5
1827 PSET (249,105),7
1828 LINE (8,106)-(10,106),8
1829 LINE (21,106)-(23,106),5
1830 LINE (217,106)-(230,106),15
1831 LINE (237,106)-(239,106),7
1832 PSET (247,106),8
1833 PSET (6,107),7
1834 LINE (8,107)-(10,107),8
1835 LINE (21,107)-(23,107),5
1836 PSET (217,107),15
1837 PSET (230,107),15
1838 LINE (238,107)-(239,107),7
1839 LINE (242,107)-(247,107),8
1840 LINE (8,108)-(9,108),8
1841 LINE (22,108)-(23,108),5
1842 PSET (217,108),15
1843 PSET (230,108),15
1844 LINE (237,108)-(240,108),7
1845 LINE (245,108)-(247,108),8
1846 PSET (8,109),8
1847 PSET (23,109),5
1848 PSET (217,109),15
1849 PSET (230,109),15
1850 LINE (237,109)-(239,109),5
1851 PSET (247,109),8
1852 PSET (5,110),7
1853 PSET (15,110),6
1854 LINE (23,110)-(24,110),5
1855 LINE (217,110)-(230,110),15
1856 LINE (236,110)-(240,110),5
1857 PSET (4,111),7
1858 PSET (15,111),6
1859 LINE (22,111)-(24,111),5
1860 PSET (217,111),15
1861 PSET (230,111),15
1862 LINE (235,111)-(242,111),5
1863 PSET (244,111),5
1864 PSET (4,112),7
1865 PSET (7,112),7
1866 LINE (14,112)-(15,112),6
1867 LINE (22,112)-(24,112),5
1868 LINE (218,112)-(221,112),5
1869 LINE (232,112)-(237,112),5
1870 PSET (239,112),5
1871 PSET (247,112),8
1872 PSET (3,113),7
1873 PSET (7,113),7
1874 LINE (13,113)-(15,113),6
1875 LINE (21,113)-(24,113),5
1876 LINE (218,113)-(227,113),5
1877 PSET (229,113),5
1878 LINE (232,113)-(233,113),5
1879 LINE (244,113)-(247,113),8
1880 PSET (3,114),7
1881 PSET (7,114),7
1882 LINE (13,114)-(15,114),6
1883 LINE (21,114)-(23,114),5
1884 LINE (217,114)-(223,114),5
1885 LINE (239,114)-(243,114),8
1886 LINE (246,114)-(247,114),8
1887 PSET (248,114),7
1888 PSET (3,115),7
1889 PSET (7,115),7
1890 LINE (12,115)-(15,115),6
1891 LINE (20,115)-(23,115),5
1892 LINE (217,115)-(223,115),7
1893 LINE (235,115)-(241,115),8
1894 PSET (247,115),8
1895 PSET (3,116),7
1896 LINE (6,116)-(7,116),7
1897 LINE (12,116)-(15,116),6
1898 PSET (17,116),5
1899 LINE (20,116)-(23,116),5
1900 LINE (221,116)-(224,116),8
1901 LINE (226,116)-(230,116),8
1902 PSET (234,116),8
1903 LINE (238,116)-(241,116),8
1904 LINE (249,116)-(251,116),7
1905 PSET (1,117),7
1906 PSET (4,117),7
1907 LINE (6,117)-(7,117),7
1908 LINE (13,117)-(15,117),6
1909 PSET (17,117),5
1910 LINE (21,117)-(24,117),5
1911 LINE (216,117)-(217,117),8
1912 LINE (227,117)-(228,117),8
1913 LINE (239,117)-(240,117),8
1914 LINE (244,117)-(247,117),8
1915 PSET (1,118),7
1916 LINE (4,118)-(7,118),7
1917 LINE (14,118)-(15,118),6
1918 PSET (18,118),5
1919 LINE (21,118)-(24,118),5
1920 LINE (217,118)-(223,118),8
1921 PSET (227,118),8
1922 LINE (239,118)-(240,118),8
1923 LINE (246,118)-(247,118),8
1924 PSET (2,119),7
1925 LINE (5,119)-(7,119),7
1926 LINE (14,119)-(15,119),6
1927 LINE (18,119)-(19,119),5
1928 LINE (22,119)-(25,119),5
1929 LINE (218,119)-(226,119),8
1930 PSET (233,119),5
1931 LINE (240,119)-(241,119),8
1932 LINE (246,119)-(247,119),8
1933 LINE (5,120)-(7,120),7
1934 PSET (13,120),6
1935 PSET (15,120),6
1936 LINE (18,120)-(19,120),5
1937 LINE (22,120)-(25,120),5
1938 LINE (217,120)-(223,120),5
1939 LINE (225,120)-(226,120),5
1940 LINE (232,120)-(234,120),5
1941 LINE (240,120)-(241,120),8
1942 LINE (245,120)-(247,120),8
1943 LINE (249,120)-(250,120),7
1944 LINE (6,121)-(7,121),7
1945 PSET (13,121),6
1946 PSET (15,121),6
1947 LINE (18,121)-(19,121),5
1948 LINE (22,121)-(25,121),5
1949 LINE (216,121)-(218,121),5
1950 PSET (220,121),5
1951 LINE (230,121)-(231,121),5
1952 LINE (239,121)-(240,121),8
1953 LINE (246,121)-(247,121),8
1954 LINE (5,122)-(7,122),7
1955 PSET (12,122),6
1956 PSET (15,122),6
1957 PSET (18,122),5
1958 LINE (21,122)-(24,122),5
1959 LINE (235,122)-(239,122),8
1960 PSET (244,122),8
1961 PSET (247,122),8
1962 LINE (4,123)-(7,123),7
1963 PSET (12,123),6
1964 PSET (15,123),6
1965 PSET (17,123),5
1966 LINE (21,123)-(24,123),5
1967 LINE (227,123)-(229,123),8
1968 LINE (232,123)-(237,123),8
1969 PSET (242,123),8
1970 PSET (245,123),8
1971 LINE (250,123)-(251,123),7
1972 LINE (4,124)-(7,124),7
1973 PSET (12,124),6
1974 PSET (15,124),6
1975 LINE (20,124)-(23,124),5
1976 PSET (222,124),8
1977 LINE (230,124)-(238,124),8
1978 PSET (242,124),8
1979 PSET (245,124),8
1980 PSET (249,124),7
1981 LINE (251,124)-(252,124),7
1982 LINE (3,125)-(7,125),7
1983 PSET (11,125),6
1984 LINE (14,125)-(15,125),6
1985 LINE (20,125)-(23,125),5
1986 LINE (217,125)-(224,125),8
1987 LINE (237,125)-(238,125),8
1988 LINE (243,125)-(244,125),8
1989 PSET (249,125),7
1990 LINE (251,125)-(253,125),7
1991 LINE (3,126)-(7,126),7
1992 PSET (11,126),6
1993 LINE (14,126)-(15,126),6
1994 LINE (20,126)-(23,126),5
1995 LINE (218,126)-(224,126),8
1996 PSET (239,126),8
1997 PSET (250,126),7
1998 LINE (3,127)-(7,127),7
1999 LINE (13,127)-(15,127),6
2000 LINE (21,127)-(23,127),5
2001 LINE (219,127)-(220,127),8
2002 PSET (223,127),8
2003 PSET (240,127),8
2004 PSET (247,127),8
2005 LINE (4,128)-(7,128),7
2006 PSET (11,128),6
2007 LINE (13,128)-(15,128),6
2008 PSET (19,128),5
2009 LINE (21,128)-(24,128),5
2010 PSET (217,128),15
2011 PSET (230,128),15
2012 LINE (235,128)-(243,128),8
2013 LINE (245,128)-(247,128),8
2014 PSET (4,129),7
2015 PSET (7,129),7
2016 PSET (11,129),6
2017 LINE (14,129)-(15,129),6
2018 PSET (19,129),5
2019 LINE (21,129)-(24,129),5
2020 PSET (217,129),15
2021 PSET (230,129),15
2022 LINE (236,129)-(241,129),8
2023 LINE (246,129)-(247,129),8
2024 PSET (5,130),7
2025 PSET (11,130),6
2026 PSET (15,130),6
2027 PSET (19,130),5
2028 LINE (22,130)-(24,130),5
2029 LINE (217,130)-(230,130),15
2030 LINE (237,130)-(240,130),8
2031 PSET (247,130),8
2032 PSET (5,131),7
2033 PSET (12,131),6
2034 PSET (15,131),6
2035 PSET (20,131),5
2036 LINE (22,131)-(24,131),5
2037 PSET (217,131),15
2038 PSET (230,131),15
2039 LINE (237,131)-(239,131),8
2040 LINE (243,131)-(244,131),5
2041 PSET (250,131),7
2042 PSET (5,132),7
2043 PSET (12,132),6
2044 PSET (20,132),5
2045 LINE (23,132)-(25,132),5
2046 PSET (217,132),15
2047 PSET (230,132),15
2048 LINE (238,132)-(239,132),8
2049 PSET (242,132),5
2050 PSET (4,133),7
2051 PSET (13,133),6
2052 PSET (20,133),5
2053 LINE (23,133)-(25,133),5
2054 PSET (217,133),15
2055 PSET (230,133),15
2056 LINE (237,133)-(239,133),7
2057 PSET (241,133),5
2058 PSET (248,133),7
2059 PSET (4,134),7
2060 PSET (13,134),6
2061 PSET (20,134),5
2062 LINE (23,134)-(25,134),5
2063 LINE (217,134)-(230,134),15
2064 LINE (237,134)-(239,134),7
2065 PSET (241,134),5
2066 PSET (248,134),7
2067 PSET (3,135),7
2068 PSET (13,135),6
2069 PSET (20,135),5
2070 LINE (23,135)-(24,135),5
2071 PSET (217,135),15
2072 PSET (230,135),15
2073 LINE (238,135)-(239,135),7
2074 LINE (244,135)-(247,135),8
2075 PSET (3,136),7
2076 PSET (13,136),6
2077 LINE (19,136)-(20,136),5
2078 LINE (23,136)-(24,136),5
2079 PSET (217,136),15
2080 PSET (230,136),15
2081 LINE (238,136)-(241,136),5
2082 PSET (3,137),7
2083 PSET (12,137),6
2084 PSET (19,137),5
2085 LINE (23,137)-(24,137),5
2086 PSET (217,137),15
2087 PSET (230,137),15
2088 LINE (237,137)-(239,137),5
2089 LINE (246,137)-(247,137),8
2090 PSET (3,138),7
2091 PSET (7,138),7
2092 PSET (12,138),6
2093 PSET (18,138),5
2094 LINE (23,138)-(24,138),5
2095 LINE (217,138)-(230,138),15
2096 LINE (237,138)-(240,138),7
2097 PSET (242,138),8
2098 LINE (245,138)-(247,138),8
2099 PSET (249,138),7
2100 PSET (3,139),7
2101 PSET (7,139),7
2102 PSET (11,139),6
2103 PSET (15,139),6
2104 PSET (18,139),5
2105 LINE (22,139)-(24,139),5
2106 PSET (217,139),15
2107 PSET (230,139),15
2108 LINE (238,139)-(239,139),7
2109 LINE (243,139)-(247,139),8
2110 PSET (7,140),7
2111 LINE (14,140)-(15,140),6
2112 LINE (22,140)-(23,140),5
2113 PSET (217,140),15
2114 PSET (230,140),15
2115 LINE (237,140)-(241,140),8
2116 LINE (243,140)-(244,140),8
2117 LINE (246,140)-(247,140),8
2118 LINE (6,141)-(7,141),7
2119 LINE (14,141)-(15,141),6
2120 LINE (21,141)-(23,141),5
2121 PSET (217,141),15
2122 PSET (230,141),15
2123 LINE (237,141)-(240,141),7
2124 LINE (242,141)-(243,141),8
2125 PSET (247,141),8
2126 LINE (6,142)-(7,142),7
2127 LINE (13,142)-(15,142),6
2128 LINE (20,142)-(23,142),5
2129 LINE (217,142)-(230,142),15
2130 LINE (236,142)-(239,142),5
2131 LINE (241,142)-(243,142),8
2132 PSET (247,142),8
2133 LINE (5,143)-(7,143),7
2134 LINE (13,143)-(15,143),6
2135 LINE (20,143)-(23,143),5
2136 PSET (217,143),15
2137 PSET (230,143),15
2138 LINE (235,143)-(239,143),5
2139 LINE (242,143)-(244,143),8
2140 LINE (246,143)-(247,143),8
2141 LINE (5,144)-(7,144),7
2142 LINE (12,144)-(15,144),6
2143 LINE (20,144)-(23,144),5
2144 LINE (217,144)-(222,144),5
2145 LINE (232,144)-(237,144),5
2146 LINE (241,144)-(247,144),8
2147 LINE (5,145)-(7,145),7
2148 LINE (12,145)-(15,145),6
2149 PSET (17,145),5
2150 LINE (20,145)-(23,145),5
2151 LINE (216,145)-(217,145),5
2152 LINE (221,145)-(225,145),5
2153 PSET (227,145),5
2154 LINE (230,145)-(232,145),5
2155 PSET (241,145),8
2156 LINE (245,145)-(247,145),8
2157 LINE (5,146)-(7,146),7
2158 LINE (13,146)-(15,146),6
2159 PSET (17,146),5
2160 LINE (21,146)-(23,146),5
2161 PSET (239,146),8
2162 LINE (246,146)-(247,146),8
2163 PSET (3,147),7
2164 LINE (5,147)-(7,147),7
2165 LINE (13,147)-(15,147),6
2166 PSET (18,147),5
2167 LINE (21,147)-(23,147),5
2168 PSET (240,147),8
2169 PSET (244,147),8
2170 LINE (246,147)-(247,147),8
2171 PSET (3,148),7
2172 LINE (5,148)-(7,148),7
2173 LINE (13,148)-(15,148),6
2174 PSET (19,148),5
2175 LINE (22,148)-(23,148),5
2176 LINE (224,148)-(225,148),8
2177 PSET (232,148),8
2178 PSET (240,148),8
2179 PSET (243,148),8
2180 LINE (245,148)-(247,148),8
2181 LINE (3,149)-(4,149),7
2182 LINE (6,149)-(7,149),7
2183 LINE (14,149)-(15,149),6
2184 PSET (19,149),5
2185 LINE (22,149)-(23,149),5
2186 LINE (216,149)-(218,149),8
2187 PSET (226,149),8
2188 LINE (232,149)-(233,149),8
2189 PSET (244,149),8
2190 PSET (246,149),8
2191 LINE (3,150)-(4,150),7
2192 LINE (6,150)-(7,150),7
2193 PSET (11,150),6
2194 LINE (14,150)-(15,150),6
2195 LINE (22,150)-(23,150),5
2196 LINE (216,150)-(217,150),8
2197 PSET (227,150),8
2198 PSET (233,150),8
2199 PSET (240,150),8
2200 PSET (245,150),8
2201 PSET (247,150),8
2202 LINE (3,151)-(7,151),7
2203 PSET (11,151),6
2204 LINE (14,151)-(15,151),6
2205 LINE (22,151)-(23,151),5
2206 LINE (216,151)-(217,151),8
2207 LINE (227,151)-(228,151),8
2208 LINE (232,151)-(234,151),8
2209 LINE (239,151)-(240,151),8
2210 PSET (246,151),8
2211 LINE (4,152)-(5,152),7
2212 PSET (7,152),7
2213 PSET (12,152),6
2214 LINE (14,152)-(15,152),6
2215 LINE (22,152)-(23,152),5
2216 LINE (208,152)-(215,152),15
2217 LINE (216,152)-(219,152),8
2218 LINE (226,152)-(235,152),8
2219 LINE (238,152)-(241,152),8
2220 PSET (245,152),8
2221 PSET (247,152),8
2222 LINE (4,153)-(7,153),7
2223 PSET (12,153),6
2224 LINE (14,153)-(15,153),6
2225 LINE (22,153)-(23,153),5
2226 LINE (209,153)-(214,153),10
2227 LINE (240,153)-(242,153),8
2228 PSET (244,153),8
2229 LINE (246,153)-(247,153),8
2230 LINE (5,154)-(7,154),7
2231 PSET (12,154),6
2232 LINE (14,154)-(15,154),6
2233 LINE (21,154)-(23,154),5
2234 LINE (209,154)-(214,154),10
2235 LINE (5,155)-(7,155),7
2236 LINE (13,155)-(15,155),6
2237 LINE (21,155)-(24,155),5
2238 LINE (209,155)-(214,155),15
2239 LINE (216,155)-(237,155),13
2240 LINE (6,156)-(7,156),7
2241 LINE (13,156)-(15,156),6
2242 LINE (20,156)-(24,156),5
2243 LINE (209,156)-(214,156),10
2244 LINE (216,156)-(238,156),13
2245 PSET (241,156),8
2246 PSET (243,156),8
2247 LINE (245,156)-(247,156),8
2248 PSET (7,157),7
2249 LINE (13,157)-(15,157),6
2250 LINE (20,157)-(24,157),5
2251 LINE (209,157)-(214,157),10
2252 LINE (216,157)-(239,157),15
2253 PSET (244,157),8
2254 PSET (246,157),8
2255 LINE (14,158)-(15,158),6
2256 PSET (18,158),5
2257 LINE (21,158)-(24,158),5
2258 LINE (207,158)-(208,158),12
2259 LINE (215,158)-(240,158),12
2260 LINE (249,158)-(255,158),8
2261 PSET (8,159),8
2262 LINE (18,159)-(19,159),5
2263 LINE (23,159)-(24,159),5
2264 LINE (206,159)-(241,159),12
2265 PSET (248,159),8
2266 LINE (250,159)-(255,159),8
2267 LINE (8,160)-(9,160),8
2268 PSET (18,160),5
2269 LINE (22,160)-(24,160),5
2270 LINE (205,160)-(242,160),15
2271 PSET (249,160),8
2272 LINE (251,160)-(255,160),8
2273 LINE (8,161)-(10,161),8
2274 LINE (21,161)-(24,161),5
2275 LINE (204,161)-(243,161),12
2276 LINE (250,161)-(255,161),8
2277 LINE (8,162)-(10,162),8
2278 LINE (21,162)-(24,162),5
2279 LINE (203,162)-(244,162),12
2280 PSET (248,162),8
2281 LINE (251,162)-(255,162),8
2282 LINE (8,163)-(9,163),8
2283 LINE (22,163)-(24,163),5
2284 LINE (206,163)-(241,163),10
2285 PSET (250,163),8
2286 LINE (252,163)-(255,163),8
2287 LINE (8,164)-(9,164),8
2288 LINE (22,164)-(25,164),5
2289 LINE (206,164)-(241,164),10
2290 PSET (249,164),8
2291 LINE (251,164)-(255,164),8
2292 PSET (8,165),8
2293 LINE (23,165)-(25,165),5
2294 LINE (206,165)-(207,165),9
2295 LINE (240,165)-(241,165),9
2296 PSET (250,165),8
2297 PSET (252,165),8
2298 LINE (254,165)-(255,165),8
2299 PSET (8,166),8
2300 LINE (23,166)-(25,166),5
2301 LINE (206,166)-(207,166),4
2302 PSET (211,166),11
2303 PSET (217,166),11
2304 PSET (219,166),11
2305 PSET (227,166),11
2306 PSET (233,166),11
2307 PSET (235,166),11
2308 LINE (240,166)-(241,166),4
2309 PSET (251,166),8
2310 PSET (253,166),8
2311 PSET (255,166),8
2312 PSET (8,167),8
2313 LINE (22,167)-(25,167),5
2314 LINE (206,167)-(207,167),9
2315 LINE (212,167)-(215,167),14
2316 LINE (216,167)-(218,167),12
2317 LINE (228,167)-(231,167),14
2318 LINE (232,167)-(234,167),12
2319 LINE (240,167)-(241,167),9
2320 PSET (252,167),8
2321 PSET (254,167),8
2322 PSET (15,168),6
2323 LINE (22,168)-(26,168),5
2324 LINE (206,168)-(207,168),9
2325 LINE (211,168)-(216,168),14
2326 LINE (218,168)-(219,168),14
2327 LINE (227,168)-(232,168),14
2328 LINE (234,168)-(235,168),14
2329 LINE (240,168)-(241,168),9
2330 PSET (253,168),8
2331 PSET (255,168),8
2332 PSET (15,169),6
2333 PSET (19,169),5
2334 LINE (21,169)-(26,169),5
2335 LINE (206,169)-(207,169),9
2336 LINE (210,169)-(220,169),14
2337 LINE (226,169)-(236,169),14
2338 LINE (240,169)-(241,169),9
2339 PSET (252,169),8
2340 PSET (254,169),8
2341 LINE (14,170)-(15,170),6
2342 PSET (18,170),5
2343 LINE (21,170)-(26,170),5
2344 LINE (206,170)-(207,170),4
2345 LINE (210,170)-(212,170),14
2346 LINE (214,170)-(216,170),14
2347 LINE (218,170)-(220,170),14
2348 LINE (226,170)-(228,170),14
2349 LINE (230,170)-(232,170),14
2350 LINE (234,170)-(236,170),14
2351 LINE (240,170)-(241,170),4
2352 PSET (253,170),8
2353 PSET (255,170),8
2354 PSET (12,171),6
2355 LINE (14,171)-(15,171),6
2356 PSET (18,171),5
2357 LINE (21,171)-(26,171),5
2358 LINE (206,171)-(207,171),9
2359 LINE (209,171)-(221,171),14
2360 LINE (225,171)-(237,171),14
2361 LINE (240,171)-(241,171),9
2362 PSET (254,171),8
2363 PSET (7,172),7
2364 PSET (12,172),6
2365 LINE (14,172)-(15,172),6
2366 PSET (17,172),5
2367 LINE (22,172)-(27,172),5
2368 LINE (206,172)-(207,172),9
2369 LINE (209,172)-(221,172),14
2370 LINE (225,172)-(237,172),14
2371 LINE (240,172)-(241,172),9
2372 PSET (253,172),8
2373 PSET (255,172),8
2374 PSET (7,173),7
2375 PSET (11,173),6
2376 LINE (14,173)-(15,173),6
2377 PSET (17,173),5
2378 LINE (22,173)-(27,173),5
2379 LINE (206,173)-(207,173),9
2380 LINE (209,173)-(213,173),14
2381 PSET (215,173),14
2382 LINE (217,173)-(221,173),14
2383 LINE (225,173)-(229,173),14
2384 PSET (231,173),14
2385 LINE (233,173)-(237,173),14
2386 LINE (240,173)-(241,173),9
2387 PSET (254,173),8
2388 PSET (7,174),7
2389 PSET (11,174),6
2390 LINE (14,174)-(15,174),6
2391 PSET (17,174),5
2392 LINE (23,174)-(28,174),5
2393 LINE (206,174)-(207,174),4
2394 LINE (210,174)-(213,174),14
2395 PSET (215,174),14
2396 LINE (217,174)-(220,174),14
2397 LINE (226,174)-(229,174),14
2398 PSET (231,174),14
2399 LINE (233,174)-(236,174),14
2400 LINE (240,174)-(241,174),4
2401 PSET (255,174),8
2402 PSET (7,175),7
2403 PSET (12,175),6
2404 PSET (15,175),6
2405 PSET (18,175),5
2406 LINE (24,175)-(29,175),5
2407 LINE (206,175)-(207,175),9
2408 LINE (212,175)-(218,175),14
2409 LINE (228,175)-(234,175),14
2410 LINE (240,175)-(241,175),9
2411 PSET (254,175),8
2412 PSET (7,176),7
2413 LINE (13,176)-(15,176),6
2414 PSET (18,176),5
2415 LINE (26,176)-(31,176),5
2416 LINE (206,176)-(241,176),9
2417 PSET (7,177),7
2418 PSET (15,177),6
2419 PSET (19,177),5
2420 LINE (29,177)-(32,177),5
2421 PSET (106,177),9
2422 PSET (108,177),9
2423 PSET (138,177),11
2424 PSET (140,177),11
2425 LINE (206,177)-(241,177),9
2426 PSET (21,178),5
2427 PSET (23,178),5
2428 LINE (30,178)-(32,178),5
2429 PSET (105,178),9
2430 PSET (107,178),9
2431 PSET (109,178),9
2432 PSET (137,178),11
2433 PSET (139,178),11
2434 PSET (141,178),11
2435 LINE (206,178)-(241,178),4
2436 LINE (26,179)-(27,179),5
2437 LINE (31,179)-(34,179),5
2438 PSET (106,179),9
2439 PSET (108,179),9
2440 PSET (138,179),11
2441 PSET (140,179),11
2442 LINE (206,179)-(241,179),9
2443 PSET (8,180),8
2444 PSET (16,180),7
2445 LINE (27,180)-(35,180),5
2446 PSET (107,180),3
2447 PSET (139,180),3
2448 LINE (206,180)-(241,180),9
2449 LINE (8,181)-(9,181),8
2450 PSET (16,181),7
2451 LINE (29,181)-(37,181),5
2452 LINE (104,181)-(105,181),3
2453 PSET (107,181),3
2454 PSET (110,181),3
2455 LINE (136,181)-(137,181),3
2456 PSET (139,181),3
2457 PSET (142,181),3
2458 LINE (206,181)-(241,181),9
2459 LINE (8,182)-(11,182),8
2460 LINE (16,182)-(17,182),7
2461 LINE (32,182)-(40,182),5
2462 LINE (105,182)-(107,182),3
2463 PSET (109,182),3
2464 LINE (137,182)-(139,182),3
2465 PSET (141,182),3
2466 LINE (206,182)-(241,182),4
2467 LINE (8,183)-(13,183),8
2468 LINE (16,183)-(19,183),7
2469 LINE (32,183)-(44,183),5
2470 LINE (106,183)-(109,183),3
2471 LINE (138,183)-(141,183),3
2472 LINE (206,183)-(241,183),9
2473 DIM IM%(2500): GET (0,0)-(31,24),IM%(2500): SAVEP"CASS:BG",IM%(2500)
