0 CLEAR 5000:SCREEN 0,1,1:CLS:LOCATE,,0:CONSOLE,,0
1 PALETTE 0,0
2 PALETTE 1,256
3 PALETTE 2,48
4 PALETTE 3,147
5 PALETTE 4,255
6 PALETTE 5,143
7 PALETTE 6,59
8 PALETTE 7,22
9 PALETTE 8,2
10 PALETTE 9,3744
11 PALETTE 10,3856
12 PALETTE 11,3343
13 PALETTE 12,15
14 PALETTE 13,6
15 PALETTE 14,3999
16 PALETTE 15,3817
2473 REM ** START SPRITES BG **
131 LINE (280,35)-(287,35),-5
132 LINE (256,165)-(271,165),-8
133 LINE (256,166)-(271,166),-8
134 LINE (256,167)-(271,167),-8
135 LINE (256,168)-(271,168),-8
136 LINE (256,169)-(271,169),-8
137 LINE (256,170)-(271,170),-8
138 LINE (256,171)-(271,171),-8
139 LINE (256,172)-(271,172),-8
140 LINE (256,173)-(271,173),-8
141 LINE (256,174)-(271,174),-8
142 LINE (264,175)-(271,175),-8
143 LINE (256,176)-(271,176),-8
144 LINE (256,177)-(271,177),-8
145 LINE (256,178)-(271,178),-8
146 LINE (256,179)-(271,179),-8
147 LINE (256,180)-(271,180),-8
148 LINE (256,181)-(271,181),-8

2473 REM ** START SPRITES FG **
2474 PSET (270,0),15
2475 LINE (273,0)-(276,0),15
2476 LINE (279,0)-(280,0),15
2477 LINE (284,0)-(285,0),15
2478 LINE (290,0)-(291,0),15
2479 LINE (295,0)-(296,0),15
2480 LINE (300,0)-(301,0),15
2481 LINE (306,0)-(307,0),15
2482 LINE (311,0)-(312,0),15
2483 LINE (316,0)-(317,0),15
2484 LINE (269,1)-(270,1),15
2485 PSET (273,1),15
2486 PSET (278,1),15
2487 PSET (281,1),15
2488 PSET (283,1),15
2489 PSET (286,1),15
2490 PSET (289,1),15
2491 PSET (292,1),15
2492 PSET (294,1),15
2493 PSET (297,1),15
2494 PSET (299,1),15
2495 PSET (302,1),15
2496 PSET (305,1),15
2497 PSET (308,1),15
2498 PSET (310,1),15
2499 PSET (313,1),15
2500 PSET (315,1),15
2501 PSET (318,1),15
2502 PSET (270,2),9
2503 LINE (273,2)-(275,2),9
2504 PSET (278,2),9
2505 PSET (281,2),9
2506 PSET (283,2),9
2507 PSET (286,2),9
2508 PSET (289,2),9
2509 PSET (292,2),9
2510 PSET (294,2),9
2511 PSET (297,2),9
2512 PSET (299,2),9
2513 PSET (302,2),9
2514 PSET (308,2),9
2515 PSET (310,2),9
2516 PSET (313,2),9
2517 PSET (315,2),9
2518 PSET (318,2),9
2519 PSET (270,3),9
2520 PSET (276,3),9
2521 PSET (278,3),9
2522 PSET (281,3),9
2523 PSET (283,3),9
2524 PSET (286,3),9
2525 LINE (290,3)-(291,3),9
2526 PSET (294,3),9
2527 PSET (297,3),9
2528 PSET (299,3),9
2529 PSET (302,3),9
2530 PSET (307,3),9
2531 PSET (310,3),9
2532 PSET (313,3),9
2533 PSET (315,3),9
2534 PSET (318,3),9
2535 PSET (270,4),9
2536 PSET (276,4),9
2537 PSET (278,4),9
2538 PSET (281,4),9
2539 PSET (283,4),9
2540 PSET (286,4),9
2541 PSET (289,4),9
2542 PSET (292,4),9
2543 PSET (294,4),9
2544 PSET (297,4),9
2545 PSET (299,4),9
2546 PSET (302,4),9
2547 PSET (306,4),9
2548 PSET (310,4),9
2549 PSET (313,4),9
2550 PSET (315,4),9
2551 PSET (318,4),9
2552 PSET (270,5),10
2553 PSET (273,5),10
2554 PSET (276,5),10
2555 PSET (278,5),10
2556 PSET (281,5),10
2557 PSET (283,5),10
2558 PSET (286,5),10
2559 PSET (289,5),10
2560 PSET (292,5),10
2561 PSET (294,5),10
2562 PSET (297,5),10
2563 PSET (299,5),10
2564 PSET (302,5),10
2565 PSET (305,5),10
2566 PSET (310,5),10
2567 PSET (313,5),10
2568 PSET (315,5),10
2569 PSET (318,5),10
2570 LINE (269,6)-(271,6),10
2571 LINE (274,6)-(275,6),10
2572 LINE (279,6)-(280,6),10
2573 LINE (284,6)-(285,6),10
2574 LINE (290,6)-(291,6),10
2575 LINE (295,6)-(296,6),10
2576 LINE (300,6)-(301,6),10
2577 LINE (305,6)-(308,6),10
2578 LINE (311,6)-(312,6),10
2579 LINE (316,6)-(317,6),10
2580 LINE (286,8)-(291,8),14
2581 PSET (272,9),3
2582 LINE (285,9)-(292,9),14
2583 LINE (269,10)-(270,10),3
2584 PSET (272,10),3
2585 LINE (274,10)-(275,10),3
2586 LINE (284,10)-(290,10),14
2587 PSET (293,10),14
2588 LINE (303,10)-(304,10),14
2589 LINE (270,11)-(271,11),3
2590 LINE (273,11)-(274,11),3
2591 LINE (284,11)-(285,11),14
2592 LINE (287,11)-(289,11),14
2593 LINE (291,11)-(293,11),14
2594 PSET (302,11),14
2595 LINE (268,12)-(270,12),14
2596 PSET (272,12),13
2597 LINE (274,12)-(275,12),13
2598 LINE (283,12)-(285,12),14
2599 LINE (287,12)-(288,12),14
2600 LINE (290,12)-(294,12),14
2601 PSET (301,12),14
2602 LINE (303,12)-(307,12),14
2603 PSET (313,12),3
2604 LINE (267,13)-(276,13),12
2605 LINE (282,13)-(288,13),14
2606 LINE (290,13)-(294,13),14
2607 LINE (301,13)-(303,13),14
2608 LINE (305,13)-(309,13),14
2609 LINE (312,13)-(313,13),3
2610 LINE (317,13)-(318,13),3
2611 LINE (267,14)-(268,14),12
2612 LINE (270,14)-(271,14),12
2613 PSET (272,14),13
2614 LINE (274,14)-(276,14),13
2615 PSET (282,14),14
2616 LINE (284,14)-(289,14),14
2617 LINE (292,14)-(294,14),14
2618 LINE (300,14)-(302,14),14
2619 LINE (306,14)-(310,14),14
2620 PSET (313,14),14
2621 LINE (317,14)-(318,14),14
2622 LINE (267,15)-(271,15),12
2623 LINE (272,15)-(274,15),13
2624 PSET (276,15),13
2625 LINE (282,15)-(285,15),14
2626 LINE (288,15)-(294,15),14
2627 LINE (300,15)-(303,15),14
2628 LINE (305,15)-(306,15),14
2629 LINE (308,15)-(311,15),14
2630 PSET (313,15),14
2631 PSET (318,15),14
2632 LINE (267,16)-(268,16),12
2633 LINE (270,16)-(271,16),12
2634 LINE (273,16)-(276,16),13
2635 PSET (281,16),14
2636 LINE (283,16)-(284,16),14
2637 LINE (288,16)-(293,16),14
2638 LINE (299,16)-(309,16),14
2639 PSET (311,16),14
2640 LINE (312,16)-(317,16),13
2641 LINE (268,17)-(271,17),12
2642 LINE (272,17)-(275,17),13
2643 PSET (280,17),14
2644 LINE (285,17)-(293,17),14
2645 PSET (295,17),14
2646 LINE (299,17)-(302,17),14
2647 LINE (304,17)-(306,17),14
2648 LINE (308,17)-(309,17),14
2649 PSET (311,17),14
2650 LINE (312,17)-(318,17),12
2651 LINE (268,18)-(270,18),12
2652 LINE (272,18)-(273,18),13
2653 PSET (275,18),13
2654 PSET (280,18),14
2655 LINE (287,18)-(292,18),14
2656 LINE (294,18)-(295,18),14
2657 LINE (299,18)-(301,18),14
2658 LINE (305,18)-(308,18),14
2659 PSET (311,18),14
2660 LINE (314,18)-(318,18),12
2661 LINE (269,19)-(271,19),12
2662 LINE (272,19)-(274,19),13
2663 PSET (280,19),14
2664 LINE (285,19)-(287,19),14
2665 LINE (288,19)-(289,19),3
2666 LINE (291,19)-(292,19),3
2667 PSET (294,19),3
2668 LINE (299,19)-(302,19),14
2669 LINE (304,19)-(309,19),14
2670 PSET (311,19),14
2671 LINE (312,19)-(318,19),12
2672 LINE (270,20)-(271,20),12
2673 PSET (273,20),13
2674 PSET (280,20),15
2675 LINE (283,20)-(285,20),15
2676 LINE (288,20)-(289,20),12
2677 LINE (291,20)-(292,20),12
2678 PSET (294,20),12
2679 LINE (299,20)-(311,20),14
2680 LINE (312,20)-(318,20),12
2681 PSET (271,21),12
2682 PSET (272,21),13
2683 LINE (281,21)-(282,21),15
2684 LINE (288,21)-(294,21),12
2685 PSET (300,21),14
2686 LINE (303,21)-(310,21),14
2687 LINE (314,21)-(318,21),13
2688 PSET (282,22),15
2689 LINE (288,22)-(294,22),12
2690 LINE (300,22)-(302,22),14
2691 LINE (304,22)-(309,22),14
2692 LINE (312,22)-(317,22),13
2693 LINE (283,23)-(286,23),15
2694 LINE (288,23)-(294,23),13
2695 LINE (300,23)-(303,23),14
2696 LINE (305,23)-(307,23),14
2697 LINE (312,23)-(314,23),14
2698 LINE (317,23)-(318,23),14
2699 PSET (319,23),14
2700 LINE (258,24)-(260,24),15
2701 PSET (272,24),15
2702 LINE (289,24)-(292,24),14
2703 LINE (310,24)-(311,24),3
2704 LINE (317,24)-(318,24),3
2705 PSET (257,25),15
2706 PSET (261,25),15
2707 PSET (272,25),15
2708 LINE (287,25)-(293,25),14
2709 LINE (301,25)-(303,25),14
2710 PSET (311,25),3
2711 PSET (312,25),14
2712 LINE (317,25)-(318,25),14
2713 PSET (256,26),15
2714 PSET (258,26),15
2715 PSET (260,26),15
2716 PSET (262,26),15
2717 PSET (272,26),15
2718 LINE (286,26)-(290,26),14
2719 LINE (292,26)-(294,26),14
2720 LINE (300,26)-(303,26),14
2721 LINE (305,26)-(307,26),14
2722 LINE (312,26)-(313,26),14
2723 PSET (318,26),14
2724 PSET (256,27),15
2725 PSET (259,27),15
2726 LINE (262,27)-(263,27),15
2727 PSET (272,27),15
2728 LINE (286,27)-(287,27),14
2729 LINE (289,27)-(290,27),14
2730 LINE (292,27)-(293,27),14
2731 PSET (295,27),14
2732 LINE (300,27)-(302,27),14
2733 LINE (304,27)-(309,27),14
2734 LINE (312,27)-(317,27),13
2735 PSET (256,28),15
2736 PSET (258,28),15
2737 PSET (260,28),15
2738 PSET (262,28),15
2739 LINE (264,28)-(265,28),4
2740 PSET (272,28),15
2741 LINE (275,28)-(277,28),15
2742 LINE (285,28)-(290,28),14
2743 LINE (292,28)-(293,28),14
2744 PSET (295,28),14
2745 PSET (300,28),14
2746 LINE (303,28)-(310,28),14
2747 LINE (312,28)-(318,28),12
2748 PSET (257,29),15
2749 PSET (261,29),15
2750 LINE (266,29)-(267,29),11
2751 PSET (272,29),15
2752 PSET (274,29),15
2753 PSET (278,29),15
2754 LINE (284,29)-(291,29),14
2755 LINE (294,29)-(295,29),14
2756 LINE (299,29)-(311,29),14
2757 LINE (314,29)-(318,29),12
2758 LINE (258,30)-(260,30),15
2759 PSET (262,30),15
2760 LINE (268,30)-(269,30),4
2761 LINE (272,30)-(273,30),15
2762 PSET (275,30),15
2763 PSET (277,30),15
2764 PSET (279,30),15
2765 LINE (283,30)-(295,30),14
2766 LINE (299,30)-(302,30),14
2767 LINE (304,30)-(311,30),14
2768 LINE (312,30)-(318,30),12
2769 PSET (263,31),15
2770 LINE (270,31)-(271,31),11
2771 LINE (272,31)-(273,31),15
2772 PSET (276,31),15
2773 PSET (279,31),15
2774 PSET (284,31),14
2775 LINE (286,31)-(294,31),14
2776 LINE (299,31)-(302,31),14
2777 LINE (305,31)-(308,31),14
2778 PSET (311,31),14
2779 LINE (312,31)-(318,31),12
2780 PSET (264,32),15
2781 LINE (272,32)-(273,32),15
2782 PSET (275,32),15
2783 PSET (277,32),15
2784 PSET (279,32),15
2785 LINE (285,32)-(293,32),14
2786 LINE (299,32)-(306,32),14
2787 PSET (308,32),14
2788 PSET (311,32),14
2789 LINE (314,32)-(318,32),13
2790 PSET (265,33),15
2791 PSET (272,33),15
2792 PSET (274,33),15
2793 PSET (278,33),15
2794 LINE (287,33)-(290,33),14
2795 LINE (291,33)-(292,33),9
2796 LINE (299,33)-(308,33),14
2797 PSET (311,33),14
2798 LINE (312,33)-(317,33),13
2799 PSET (266,34),15
2800 PSET (272,34),15
2801 LINE (275,34)-(277,34),15
2802 LINE (286,34)-(290,34),9
2803 PSET (293,34),9
2804 LINE (300,34)-(303,34),14
2805 LINE (305,34)-(306,34),14
2806 PSET (308,34),14
2807 LINE (310,34)-(311,34),14
2808 PSET (313,34),13
2809 LINE (316,34)-(317,34),13
2810 PSET (267,35),15
2811 PSET (272,35),15
2812 LINE (277,35)-(279,35),15
2813 LINE (282,35)-(283,35),11
2814 LINE (286,35)-(287,35),11
2815 LINE (292,35)-(293,35),9
2816 LINE (300,35)-(303,35),14
2817 LINE (306,35)-(310,35),14
2818 LINE (312,35)-(313,35),14
2819 PSET (318,35),14
2820 LINE (264,36)-(276,36),9
2821 LINE (285,36)-(292,36),9
2822 LINE (301,36)-(309,36),14
2823 PSET (312,36),14
2824 PSET (318,36),14
2825 PSET (319,36),14
2826 PSET (264,37),9
2827 PSET (266,37),9
2828 PSET (268,37),9
2829 PSET (270,37),9
2830 PSET (272,37),9
2831 PSET (274,37),9
2832 PSET (276,37),9
2833 LINE (286,37)-(287,37),14
2834 LINE (288,37)-(291,37),9
2835 PSET (301,37),14
2836 LINE (303,37)-(307,37),14
2837 LINE (311,37)-(312,37),3
2838 PSET (318,37),3
2839 PSET (319,37),3
2840 PSET (264,38),9
2841 PSET (266,38),9
2842 PSET (268,38),9
2843 PSET (270,38),9
2844 PSET (272,38),9
2845 PSET (274,38),9
2846 PSET (276,38),9
2847 LINE (285,38)-(286,38),14
2848 LINE (289,38)-(290,38),14
2849 LINE (301,38)-(302,38),14
2850 PSET (311,38),3
2851 PSET (264,39),9
2852 PSET (266,39),9
2853 PSET (268,39),9
2854 PSET (270,39),9
2855 PSET (272,39),9
2856 PSET (274,39),9
2857 PSET (276,39),9
2858 LINE (284,39)-(286,39),3
2859 LINE (288,39)-(289,39),3
2860 LINE (301,39)-(302,39),14
2861 LINE (263,40)-(268,40),5
2862 PSET (275,40),15
2863 LINE (279,40)-(280,40),15
2864 LINE (284,40)-(285,40),15
2865 LINE (309,40)-(314,40),5
2866 LINE (262,41)-(263,41),15
2867 LINE (264,41)-(269,41),5
2868 LINE (274,41)-(275,41),15
2869 PSET (278,41),15
2870 PSET (281,41),15
2871 PSET (283,41),15
2872 PSET (286,41),15
2873 PSET (295,41),15
2874 LINE (308,41)-(311,41),15
2875 LINE (312,41)-(315,41),5
2876 LINE (261,42)-(263,42),15
2877 LINE (264,42)-(270,42),5
2878 PSET (275,42),9
2879 PSET (278,42),9
2880 PSET (281,42),9
2881 PSET (283,42),9
2882 PSET (286,42),9
2883 PSET (289,42),5
2884 PSET (298,42),5
2885 PSET (301,42),5
2886 LINE (307,42)-(311,42),15
2887 LINE (312,42)-(316,42),5
2888 LINE (261,43)-(263,43),15
2889 LINE (264,43)-(271,43),5
2890 PSET (275,43),9
2891 PSET (278,43),9
2892 PSET (281,43),9
2893 PSET (283,43),9
2894 PSET (286,43),9
2895 PSET (298,43),5
2896 LINE (307,43)-(311,43),15
2897 LINE (312,43)-(317,43),5
2898 LINE (260,44)-(271,44),5
2899 PSET (275,44),9
2900 PSET (278,44),9
2901 PSET (281,44),9
2902 PSET (283,44),9
2903 PSET (286,44),9
2904 PSET (291,44),15
2905 PSET (295,44),15
2906 PSET (301,44),15
2907 LINE (306,44)-(317,44),5
2908 LINE (260,45)-(271,45),5
2909 PSET (275,45),10
2910 PSET (278,45),10
2911 PSET (281,45),10
2912 PSET (283,45),10
2913 PSET (286,45),10
2914 PSET (292,45),15
2915 PSET (295,45),15
2916 LINE (306,45)-(317,45),5
2917 LINE (260,46)-(271,46),5
2918 LINE (274,46)-(276,46),10
2919 LINE (279,46)-(280,46),10
2920 LINE (284,46)-(285,46),10
2921 LINE (293,46)-(295,46),5
2922 PSET (299,46),5
2923 LINE (306,46)-(317,46),5
2924 LINE (260,47)-(271,47),5
2925 PSET (289,47),15
2926 PSET (291,47),15
2927 LINE (293,47)-(296,47),15
2928 PSET (298,47),15
2929 LINE (306,47)-(317,47),5
2930 LINE (261,48)-(270,48),5
2931 LINE (280,48)-(283,48),5
2932 LINE (296,48)-(297,48),15
2933 PSET (299,48),15
2934 LINE (307,48)-(316,48),5
2935 LINE (261,49)-(270,49),5
2936 LINE (279,49)-(284,49),5
2937 LINE (291,49)-(294,49),5
2938 LINE (296,49)-(297,49),5
2939 LINE (299,49)-(300,49),5
2940 PSET (302,49),5
2941 LINE (307,49)-(316,49),5
2942 LINE (262,50)-(269,50),5
2943 LINE (278,50)-(285,50),5
2944 LINE (290,50)-(294,50),5
2945 PSET (296,50),15
2946 LINE (308,50)-(315,50),5
2947 LINE (263,51)-(268,51),5
2948 LINE (278,51)-(285,51),5
2949 LINE (290,51)-(294,51),5
2950 PSET (297,51),15
2951 PSET (300,51),15
2952 LINE (309,51)-(314,51),5
2953 LINE (265,52)-(267,52),5
2954 LINE (278,52)-(285,52),5
2955 LINE (291,52)-(293,52),5
2956 PSET (298,52),5
2957 PSET (301,52),5
2958 LINE (311,52)-(313,52),5
2959 PSET (266,53),9
2960 LINE (279,53)-(284,53),5
2961 PSET (312,53),9
2962 PSET (266,54),9
2963 LINE (280,54)-(283,54),5
2964 LINE (288,54)-(289,54),5
2965 PSET (300,54),5
2966 PSET (312,54),9
2967 PSET (266,55),9
2968 LINE (281,55)-(282,55),5
2969 LINE (288,55)-(289,55),5
2970 PSET (313,55),9
2971 PSET (259,56),15
2972 PSET (264,56),9
2973 PSET (266,56),9
2974 PSET (275,56),15
2975 PSET (280,56),9
2976 PSET (282,56),9
2977 PSET (293,56),15
2978 PSET (298,56),9
2979 PSET (305,56),15
2980 PSET (310,56),15
2981 PSET (313,56),9
2982 LINE (258,57)-(259,57),15
2983 LINE (264,57)-(266,57),9
2984 LINE (274,57)-(275,57),15
2985 LINE (280,57)-(282,57),9
2986 LINE (292,57)-(293,57),15
2987 LINE (298,57)-(299,57),9
2988 LINE (305,57)-(306,57),15
2989 LINE (309,57)-(310,57),15
2990 PSET (313,57),9
2991 LINE (258,58)-(260,58),12
2992 PSET (263,58),12
2993 LINE (264,58)-(265,58),13
2994 LINE (274,58)-(276,58),12
2995 PSET (279,58),12
2996 LINE (280,58)-(281,58),13
2997 LINE (292,58)-(294,58),12
2998 LINE (297,58)-(299,58),13
2999 PSET (305,58),12
3000 LINE (308,58)-(311,58),12
3001 PSET (312,58),13
3002 LINE (315,58)-(318,58),13
3003 PSET (319,58),13
3004 LINE (257,59)-(263,59),12
3005 LINE (264,59)-(266,59),13
3006 LINE (273,59)-(279,59),12
3007 LINE (280,59)-(282,59),13
3008 LINE (291,59)-(295,59),12
3009 LINE (296,59)-(300,59),13
3010 PSET (305,59),12
3011 LINE (308,59)-(310,59),12
3012 LINE (313,59)-(318,59),13
3013 PSET (319,59),13
3014 LINE (257,60)-(258,60),12
3015 LINE (261,60)-(262,60),12
3016 LINE (265,60)-(266,60),13
3017 LINE (273,60)-(274,60),12
3018 LINE (277,60)-(278,60),12
3019 LINE (281,60)-(282,60),13
3020 PSET (291,60),12
3021 PSET (295,60),12
3022 PSET (296,60),13
3023 PSET (300,60),13
3024 PSET (305,60),12
3025 LINE (307,60)-(309,60),12
3026 LINE (313,60)-(315,60),13
3027 LINE (317,60)-(318,60),13
3028 PSET (319,60),13
3029 LINE (257,61)-(259,61),12
3030 LINE (261,61)-(263,61),12
3031 LINE (265,61)-(266,61),13
3032 LINE (273,61)-(275,61),12
3033 LINE (277,61)-(279,61),12
3034 LINE (281,61)-(282,61),13
3035 LINE (291,61)-(292,61),12
3036 PSET (294,61),12
3037 PSET (297,61),13
3038 LINE (299,61)-(300,61),13
3039 PSET (305,61),12
3040 LINE (307,61)-(311,61),12
3041 LINE (312,61)-(313,61),15
3042 PSET (315,61),15
3043 PSET (317,61),15
3044 LINE (258,62)-(263,62),12
3045 LINE (264,62)-(265,62),13
3046 LINE (274,62)-(279,62),12
3047 LINE (280,62)-(281,62),13
3048 LINE (288,62)-(289,62),15
3049 LINE (291,62)-(294,62),15
3050 LINE (297,62)-(300,62),9
3051 LINE (302,62)-(303,62),9
3052 PSET (305,62),12
3053 LINE (307,62)-(311,62),12
3054 PSET (312,62),15
3055 LINE (256,63)-(260,63),15
3056 PSET (263,63),15
3057 LINE (264,63)-(268,63),9
3058 LINE (272,63)-(276,63),15
3059 PSET (279,63),15
3060 LINE (280,63)-(284,63),9
3061 LINE (289,63)-(295,63),15
3062 LINE (296,63)-(302,63),9
3063 LINE (305,63)-(306,63),12
3064 LINE (308,63)-(311,63),12
3065 PSET (312,63),15
3066 PSET (314,63),15
3067 PSET (317,63),15
3068 LINE (257,64)-(260,64),15
3069 PSET (263,64),15
3070 LINE (264,64)-(266,64),9
3071 LINE (268,64)-(269,64),9
3072 LINE (273,64)-(276,64),15
3073 PSET (279,64),15
3074 LINE (280,64)-(282,64),9
3075 LINE (284,64)-(285,64),9
3076 PSET (289,64),15
3077 PSET (294,64),15
3078 PSET (297,64),9
3079 PSET (302,64),9
3080 LINE (306,64)-(307,64),12
3081 LINE (309,64)-(311,64),12
3082 LINE (312,64)-(314,64),15
3083 LINE (316,64)-(318,64),15
3084 LINE (260,65)-(263,65),15
3085 LINE (265,65)-(267,65),13
3086 LINE (276,65)-(279,65),15
3087 LINE (281,65)-(283,65),13
3088 LINE (290,65)-(291,65),15
3089 LINE (300,65)-(301,65),9
3090 LINE (307,65)-(311,65),12
3091 LINE (312,65)-(318,65),9
3092 LINE (257,66)-(266,66),13
3093 LINE (273,66)-(282,66),13
3094 PSET (292,66),15
3095 PSET (294,66),15
3096 PSET (297,66),9
3097 PSET (299,66),9
3098 LINE (308,66)-(311,66),12
3099 PSET (312,66),9
3100 LINE (315,66)-(317,66),9
3101 PSET (257,67),12
3102 LINE (259,67)-(263,67),12
3103 LINE (264,67)-(265,67),13
3104 PSET (273,67),12
3105 LINE (275,67)-(279,67),12
3106 LINE (280,67)-(281,67),13
3107 PSET (289,67),15
3108 LINE (293,67)-(295,67),15
3109 LINE (296,67)-(298,67),9
3110 PSET (302,67),9
3111 LINE (308,67)-(311,67),12
3112 PSET (312,67),13
3113 PSET (257,68),15
3114 LINE (259,68)-(263,68),15
3115 PSET (264,68),9
3116 PSET (273,68),15
3117 LINE (275,68)-(279,68),15
3118 PSET (280,68),9
3119 LINE (290,68)-(295,68),12
3120 LINE (296,68)-(301,68),13
3121 LINE (307,68)-(311,68),12
3122 LINE (312,68)-(315,68),13
3123 LINE (257,69)-(263,69),12
3124 LINE (264,69)-(266,69),13
3125 LINE (273,69)-(279,69),12
3126 LINE (280,69)-(282,69),13
3127 LINE (292,69)-(295,69),12
3128 LINE (296,69)-(299,69),13
3129 PSET (307,69),12
3130 PSET (312,69),13
3131 PSET (315,69),13
3132 LINE (256,70)-(257,70),12
3133 PSET (261,70),12
3134 LINE (266,70)-(267,70),13
3135 LINE (272,70)-(273,70),12
3136 PSET (277,70),12
3137 LINE (282,70)-(283,70),13
3138 PSET (291,70),12
3139 PSET (295,70),12
3140 PSET (300,70),13
3141 LINE (306,70)-(308,70),15
3142 PSET (311,70),15
3143 PSET (312,70),13
3144 PSET (316,70),13
3145 LINE (256,71)-(258,71),15
3146 LINE (262,71)-(263,71),15
3147 LINE (265,71)-(267,71),9
3148 LINE (272,71)-(274,71),15
3149 LINE (278,71)-(279,71),15
3150 LINE (281,71)-(283,71),9
3151 LINE (290,71)-(292,71),15
3152 PSET (295,71),15
3153 PSET (296,71),9
3154 LINE (299,71)-(301,71),9
3155 LINE (310,71)-(311,71),15
3156 LINE (315,71)-(317,71),9
3157 LINE (263,72)-(268,72),12
3158 LINE (279,72)-(284,72),3
3159 LINE (262,73)-(263,73),15
3160 LINE (264,73)-(269,73),12
3161 LINE (278,73)-(279,73),15
3162 LINE (280,73)-(285,73),3
3163 PSET (295,73),15
3164 PSET (311,73),15
3165 LINE (261,74)-(263,74),15
3166 LINE (264,74)-(270,74),12
3167 LINE (277,74)-(279,74),15
3168 LINE (280,74)-(286,74),3
3169 PSET (289,74),12
3170 PSET (298,74),12
3171 PSET (301,74),12
3172 PSET (305,74),3
3173 PSET (314,74),3
3174 PSET (317,74),3
3175 LINE (261,75)-(263,75),15
3176 LINE (264,75)-(271,75),12
3177 LINE (277,75)-(279,75),15
3178 LINE (280,75)-(287,75),3
3179 PSET (298,75),12
3180 PSET (314,75),3
3181 LINE (260,76)-(271,76),12
3182 LINE (276,76)-(287,76),3
3183 PSET (291,76),15
3184 PSET (295,76),15
3185 PSET (301,76),15
3186 PSET (307,76),15
3187 PSET (311,76),15
3188 PSET (317,76),15
3189 LINE (260,77)-(271,77),12
3190 LINE (276,77)-(287,77),3
3191 PSET (292,77),15
3192 PSET (295,77),15
3193 PSET (308,77),15
3194 PSET (311,77),15
3195 LINE (260,78)-(271,78),12
3196 LINE (276,78)-(287,78),3
3197 LINE (293,78)-(295,78),12
3198 PSET (299,78),12
3199 LINE (309,78)-(311,78),3
3200 PSET (315,78),3
3201 LINE (260,79)-(271,79),12
3202 LINE (276,79)-(287,79),3
3203 PSET (289,79),15
3204 PSET (291,79),15
3205 LINE (293,79)-(296,79),15
3206 PSET (298,79),15
3207 PSET (305,79),15
3208 PSET (307,79),15
3209 LINE (309,79)-(312,79),15
3210 PSET (314,79),15
3211 LINE (261,80)-(270,80),12
3212 LINE (277,80)-(286,80),3
3213 LINE (296,80)-(297,80),15
3214 PSET (299,80),15
3215 LINE (312,80)-(313,80),15
3216 PSET (315,80),15
3217 LINE (261,81)-(270,81),12
3218 LINE (277,81)-(286,81),3
3219 LINE (291,81)-(294,81),12
3220 LINE (296,81)-(297,81),12
3221 LINE (299,81)-(300,81),12
3222 PSET (302,81),12
3223 LINE (307,81)-(310,81),3
3224 LINE (312,81)-(313,81),3
3225 LINE (315,81)-(316,81),3
3226 PSET (318,81),3
3227 LINE (262,82)-(269,82),12
3228 LINE (278,82)-(285,82),3
3229 LINE (290,82)-(294,82),12
3230 PSET (296,82),15
3231 LINE (306,82)-(310,82),3
3232 PSET (312,82),15
3233 LINE (263,83)-(268,83),12
3234 LINE (279,83)-(284,83),3
3235 LINE (290,83)-(294,83),12
3236 PSET (297,83),15
3237 PSET (300,83),15
3238 LINE (306,83)-(310,83),3
3239 PSET (313,83),15
3240 PSET (316,83),15
3241 LINE (265,84)-(267,84),12
3242 LINE (281,84)-(283,84),3
3243 LINE (291,84)-(293,84),12
3244 PSET (298,84),12
3245 PSET (301,84),12
3246 LINE (307,84)-(309,84),3
3247 PSET (314,84),3
3248 PSET (317,84),3
3249 PSET (266,85),9
3250 PSET (282,85),6
3251 PSET (266,86),9
3252 PSET (282,86),6
3253 LINE (288,86)-(289,86),12
3254 PSET (300,86),12
3255 LINE (304,86)-(305,86),3
3256 PSET (316,86),3
3257 PSET (266,87),9
3258 PSET (282,87),6
3259 LINE (288,87)-(289,87),12
3260 LINE (304,87)-(305,87),3
3261 PSET (259,88),15
3262 PSET (264,88),9
3263 PSET (266,88),9
3264 PSET (275,88),15
3265 PSET (280,88),6
3266 PSET (282,88),6
3267 PSET (293,88),15
3268 PSET (298,88),9
3269 PSET (309,88),15
3270 PSET (314,88),9
3271 LINE (258,89)-(259,89),15
3272 LINE (264,89)-(266,89),9
3273 LINE (274,89)-(275,89),15
3274 LINE (280,89)-(282,89),6
3275 LINE (292,89)-(293,89),15
3276 LINE (298,89)-(299,89),9
3277 LINE (308,89)-(309,89),15
3278 LINE (314,89)-(315,89),9
3279 LINE (258,90)-(260,90),9
3280 PSET (263,90),9
3281 LINE (264,90)-(265,90),10
3282 LINE (274,90)-(276,90),5
3283 PSET (279,90),5
3284 LINE (280,90)-(281,90),7
3285 LINE (292,90)-(294,90),9
3286 LINE (297,90)-(299,90),10
3287 LINE (308,90)-(310,90),5
3288 LINE (313,90)-(315,90),7
3289 LINE (257,91)-(263,91),9
3290 LINE (264,91)-(266,91),10
3291 LINE (273,91)-(279,91),5
3292 LINE (280,91)-(282,91),7
3293 LINE (291,91)-(295,91),9
3294 LINE (296,91)-(300,91),10
3295 LINE (307,91)-(311,91),5
3296 LINE (312,91)-(316,91),7
3297 LINE (257,92)-(258,92),9
3298 LINE (261,92)-(262,92),9
3299 LINE (265,92)-(266,92),10
3300 LINE (273,92)-(274,92),5
3301 LINE (277,92)-(278,92),5
3302 LINE (281,92)-(282,92),7
3303 PSET (291,92),9
3304 PSET (295,92),9
3305 PSET (296,92),10
3306 PSET (300,92),10
3307 PSET (307,92),5
3308 PSET (311,92),5
3309 PSET (312,92),7
3310 PSET (316,92),7
3311 LINE (257,93)-(259,93),9
3312 LINE (261,93)-(263,93),9
3313 LINE (265,93)-(266,93),10
3314 LINE (273,93)-(275,93),5
3315 LINE (277,93)-(279,93),5
3316 LINE (281,93)-(282,93),7
3317 LINE (291,93)-(292,93),9
3318 PSET (294,93),9
3319 PSET (297,93),10
3320 LINE (299,93)-(300,93),10
3321 LINE (307,93)-(308,93),5
3322 PSET (310,93),5
3323 PSET (313,93),7
3324 LINE (315,93)-(316,93),7
3325 LINE (258,94)-(263,94),9
3326 LINE (264,94)-(265,94),10
3327 LINE (274,94)-(279,94),5
3328 LINE (280,94)-(281,94),7
3329 LINE (288,94)-(289,94),15
3330 LINE (291,94)-(294,94),15
3331 LINE (297,94)-(300,94),9
3332 LINE (302,94)-(303,94),9
3333 LINE (304,94)-(305,94),15
3334 LINE (307,94)-(310,94),15
3335 LINE (313,94)-(316,94),9
3336 PSET (318,94),9
3337 PSET (319,94),9
3338 LINE (256,95)-(260,95),15
3339 PSET (263,95),15
3340 LINE (264,95)-(268,95),9
3341 LINE (272,95)-(276,95),15
3342 PSET (279,95),15
3343 LINE (280,95)-(284,95),6
3344 LINE (289,95)-(295,95),15
3345 LINE (296,95)-(302,95),9
3346 LINE (305,95)-(311,95),15
3347 LINE (312,95)-(318,95),9
3348 LINE (257,96)-(260,96),15
3349 PSET (263,96),15
3350 LINE (264,96)-(266,96),9
3351 LINE (268,96)-(269,96),9
3352 LINE (273,96)-(276,96),15
3353 PSET (279,96),15
3354 LINE (280,96)-(282,96),6
3355 LINE (284,96)-(285,96),6
3356 PSET (289,96),15
3357 PSET (294,96),15
3358 PSET (297,96),9
3359 PSET (302,96),9
3360 PSET (305,96),15
3361 PSET (310,96),15
3362 PSET (313,96),9
3363 PSET (318,96),9
3364 LINE (260,97)-(263,97),15
3365 LINE (265,97)-(267,97),10
3366 LINE (276,97)-(279,97),15
3367 LINE (281,97)-(283,97),7
3368 LINE (290,97)-(291,97),15
3369 LINE (300,97)-(301,97),9
3370 LINE (306,97)-(307,97),15
3371 LINE (316,97)-(317,97),9
3372 LINE (257,98)-(266,98),10
3373 LINE (273,98)-(282,98),7
3374 PSET (292,98),15
3375 PSET (294,98),15
3376 PSET (297,98),9
3377 PSET (299,98),9
3378 PSET (308,98),15
3379 PSET (310,98),15
3380 PSET (313,98),9
3381 PSET (315,98),9
3382 PSET (257,99),9
3383 LINE (259,99)-(263,99),9
3384 LINE (264,99)-(265,99),10
3385 PSET (273,99),5
3386 LINE (275,99)-(279,99),5
3387 LINE (280,99)-(281,99),7
3388 PSET (289,99),15
3389 LINE (293,99)-(295,99),15
3390 LINE (296,99)-(298,99),9
3391 PSET (302,99),9
3392 PSET (305,99),15
3393 LINE (309,99)-(311,99),15
3394 LINE (312,99)-(314,99),9
3395 PSET (318,99),9
3396 PSET (257,100),15
3397 LINE (259,100)-(263,100),15
3398 PSET (264,100),9
3399 PSET (273,100),15
3400 LINE (275,100)-(279,100),15
3401 PSET (280,100),6
3402 LINE (290,100)-(295,100),9
3403 LINE (296,100)-(301,100),10
3404 LINE (306,100)-(311,100),5
3405 LINE (312,100)-(317,100),7
3406 LINE (257,101)-(263,101),9
3407 LINE (264,101)-(266,101),10
3408 LINE (273,101)-(279,101),5
3409 LINE (280,101)-(282,101),7
3410 LINE (292,101)-(295,101),9
3411 LINE (296,101)-(299,101),10
3412 LINE (308,101)-(311,101),5
3413 LINE (312,101)-(315,101),7
3414 LINE (256,102)-(257,102),9
3415 PSET (261,102),9
3416 LINE (266,102)-(267,102),10
3417 LINE (272,102)-(273,102),5
3418 PSET (277,102),5
3419 LINE (282,102)-(283,102),7
3420 PSET (291,102),9
3421 PSET (295,102),9
3422 PSET (300,102),10
3423 PSET (307,102),5
3424 PSET (311,102),5
3425 PSET (316,102),7
3426 LINE (256,103)-(258,103),15
3427 LINE (262,103)-(263,103),15
3428 LINE (265,103)-(267,103),9
3429 LINE (272,103)-(274,103),15
3430 LINE (278,103)-(279,103),15
3431 LINE (281,103)-(283,103),6
3432 LINE (290,103)-(292,103),15
3433 PSET (295,103),15
3434 PSET (296,103),9
3435 LINE (299,103)-(301,103),9
3436 LINE (306,103)-(308,103),15
3437 PSET (311,103),15
3438 PSET (312,103),9
3439 LINE (315,103)-(317,103),9
3440 LINE (256,104)-(263,104),3
3441 LINE (264,104)-(271,104),10
3442 LINE (272,104)-(279,104),15
3443 LINE (280,104)-(281,104),5
3444 LINE (286,104)-(287,104),5
3445 PSET (306,104),6
3446 PSET (310,104),6
3447 PSET (313,104),6
3448 LINE (315,104)-(317,104),6
3449 LINE (256,105)-(263,105),3
3450 LINE (264,105)-(271,105),10
3451 LINE (272,105)-(279,105),15
3452 LINE (281,105)-(286,105),14
3453 LINE (298,105)-(301,105),7
3454 LINE (305,105)-(306,105),5
3455 PSET (310,105),5
3456 PSET (313,105),5
3457 PSET (315,105),5
3458 PSET (318,105),5
3459 LINE (257,106)-(262,106),3
3460 LINE (265,106)-(270,106),10
3461 LINE (273,106)-(278,106),15
3462 PSET (281,106),14
3463 LINE (283,106)-(284,106),14
3464 PSET (286,106),14
3465 LINE (297,106)-(302,106),7
3466 PSET (306,106),4
3467 PSET (310,106),4
3468 PSET (313,106),4
3469 PSET (315,106),4
3470 PSET (318,106),4
3471 LINE (258,107)-(261,107),3
3472 LINE (266,107)-(269,107),10
3473 LINE (274,107)-(277,107),15
3474 LINE (280,107)-(287,107),14
3475 LINE (297,107)-(302,107),7
3476 PSET (306,107),15
3477 PSET (310,107),15
3478 PSET (313,107),15
3479 LINE (315,107)-(317,107),15
3480 LINE (259,108)-(260,108),8
3481 LINE (267,108)-(268,108),8
3482 LINE (275,108)-(276,108),8
3483 LINE (280,108)-(282,108),14
3484 PSET (284,108),14
3485 LINE (286,108)-(287,108),14
3486 LINE (297,108)-(302,108),7
3487 PSET (306,108),4
3488 PSET (310,108),4
3489 PSET (313,108),4
3490 PSET (315,108),4
3491 LINE (258,109)-(261,109),3
3492 LINE (266,109)-(269,109),10
3493 LINE (274,109)-(277,109),15
3494 LINE (280,109)-(282,109),14
3495 PSET (284,109),14
3496 LINE (286,109)-(287,109),14
3497 LINE (297,109)-(302,109),7
3498 PSET (306,109),5
3499 PSET (310,109),5
3500 PSET (313,109),5
3501 PSET (315,109),5
3502 LINE (257,110)-(262,110),3
3503 LINE (265,110)-(270,110),10
3504 LINE (273,110)-(278,110),15
3505 LINE (280,110)-(286,110),14
3506 LINE (298,110)-(301,110),7
3507 LINE (305,110)-(307,110),6
3508 LINE (311,110)-(312,110),6
3509 PSET (315,110),6
3510 LINE (257,111)-(262,111),3
3511 LINE (265,111)-(270,111),10
3512 LINE (273,111)-(278,111),15
3513 LINE (281,111)-(285,111),14
3514 PSET (261,112),15
3515 PSET (275,112),15
3516 PSET (293,112),15
3517 LINE (300,112)-(307,112),12
3518 PSET (314,112),15
3519 LINE (260,113)-(261,113),15
3520 LINE (275,113)-(276,113),9
3521 LINE (283,113)-(287,113),12
3522 LINE (292,113)-(293,113),9
3523 LINE (298,113)-(309,113),12
3524 LINE (314,113)-(315,113),9
3525 LINE (259,114)-(263,114),12
3526 LINE (266,114)-(271,114),12
3527 LINE (275,114)-(279,114),12
3528 LINE (281,114)-(287,114),12
3529 LINE (291,114)-(295,114),12
3530 LINE (297,114)-(310,114),13
3531 LINE (312,114)-(316,114),12
3532 LINE (259,115)-(261,115),12
3533 LINE (264,115)-(271,115),12
3534 LINE (275,115)-(277,115),12
3535 LINE (280,115)-(287,115),13
3536 LINE (291,115)-(293,115),12
3537 LINE (296,115)-(299,115),15
3538 PSET (301,115),15
3539 LINE (303,115)-(304,115),15
3540 PSET (306,115),15
3541 LINE (308,115)-(311,115),15
3542 LINE (314,115)-(316,115),12
3543 LINE (258,116)-(261,116),12
3544 LINE (264,116)-(271,116),13
3545 LINE (274,116)-(277,116),12
3546 LINE (280,116)-(281,116),15
3547 PSET (283,116),15
3548 PSET (285,116),15
3549 PSET (287,116),15
3550 LINE (290,116)-(293,116),12
3551 LINE (296,116)-(297,116),12
3552 LINE (310,116)-(311,116),12
3553 LINE (314,116)-(317,116),12
3554 LINE (258,117)-(263,117),12
3555 PSET (264,117),15
3556 PSET (267,117),15
3557 PSET (269,117),15
3558 PSET (271,117),15
3559 LINE (274,117)-(279,117),12
3560 PSET (280,117),15
3561 LINE (290,117)-(296,117),12
3562 LINE (311,117)-(317,117),12
3563 LINE (257,118)-(263,118),12
3564 PSET (264,118),15
3565 LINE (273,118)-(279,118),12
3566 PSET (280,118),15
3567 PSET (282,118),15
3568 LINE (289,118)-(295,118),12
3569 PSET (296,118),15
3570 PSET (311,118),15
3571 LINE (312,118)-(318,118),12
3572 LINE (257,119)-(263,119),13
3573 LINE (264,119)-(267,119),15
3574 PSET (270,119),15
3575 LINE (273,119)-(279,119),13
3576 LINE (280,119)-(282,119),15
3577 PSET (284,119),15
3578 PSET (286,119),15
3579 LINE (289,119)-(295,119),12
3580 PSET (296,119),15
3581 PSET (298,119),15
3582 PSET (309,119),15
3583 PSET (311,119),15
3584 LINE (312,119)-(318,119),12
3585 LINE (258,120)-(263,120),13
3586 LINE (265,120)-(270,120),9
3587 LINE (274,120)-(279,120),13
3588 LINE (280,120)-(286,120),15
3589 LINE (290,120)-(295,120),13
3590 LINE (296,120)-(298,120),15
3591 PSET (300,120),15
3592 PSET (302,120),15
3593 PSET (305,120),15
3594 PSET (307,120),15
3595 LINE (309,120)-(311,120),15
3596 LINE (312,120)-(317,120),13
3597 LINE (259,121)-(263,121),13
3598 LINE (268,121)-(269,121),9
3599 LINE (276,121)-(279,121),13
3600 LINE (280,121)-(281,121),9
3601 LINE (284,121)-(285,121),9
3602 LINE (291,121)-(295,121),13
3603 LINE (296,121)-(302,121),9
3604 LINE (305,121)-(311,121),9
3605 LINE (312,121)-(316,121),13
3606 PSET (256,122),13
3607 LINE (259,122)-(267,122),13
3608 PSET (272,122),13
3609 PSET (276,122),13
3610 PSET (278,122),13
3611 LINE (280,122)-(281,122),9
3612 LINE (288,122)-(295,122),12
3613 PSET (296,122),9
3614 LINE (300,122)-(301,122),9
3615 LINE (306,122)-(307,122),9
3616 PSET (311,122),9
3617 LINE (312,122)-(318,122),12
3618 PSET (319,122),12
3619 LINE (256,123)-(257,123),13
3620 LINE (259,123)-(263,123),13
3621 LINE (273,123)-(274,123),13
3622 PSET (276,123),13
3623 PSET (278,123),13
3624 PSET (280,123),9
3625 LINE (291,123)-(295,123),13
3626 PSET (296,123),9
3627 PSET (311,123),9
3628 LINE (312,123)-(316,123),13
3629 LINE (257,124)-(263,124),13
3630 PSET (267,124),9
3631 LINE (274,124)-(276,124),13
3632 PSET (278,124),13
3633 PSET (280,124),9
3634 LINE (289,124)-(295,124),13
3635 PSET (296,124),9
3636 PSET (299,124),9
3637 PSET (308,124),9
3638 PSET (311,124),9
3639 LINE (312,124)-(318,124),13
3640 LINE (260,125)-(262,125),13
3641 LINE (264,125)-(267,125),13
3642 PSET (278,125),15
3643 LINE (292,125)-(299,125),12
3644 LINE (308,125)-(315,125),12
3645 LINE (256,126)-(260,126),13
3646 PSET (278,126),13
3647 LINE (288,126)-(291,126),12
3648 PSET (298,126),9
3649 PSET (309,126),9
3650 LINE (316,126)-(318,126),12
3651 PSET (319,126),12
3652 PSET (256,127),15
3653 LINE (277,127)-(279,127),15
3654 PSET (280,127),9
3655 LINE (288,127)-(289,127),15
3656 PSET (318,127),15
3657 PSET (319,127),15
3658 PSET (257,128),15
3659 PSET (270,128),15
3660 PSET (273,128),15
3661 PSET (286,128),15
3662 PSET (289,128),15
3663 PSET (302,128),15
3664 PSET (310,128),12
3665 PSET (315,128),12
3666 PSET (257,129),15
3667 PSET (270,129),15
3668 PSET (273,129),15
3669 PSET (286,129),15
3670 PSET (289,129),15
3671 PSET (302,129),15
3672 LINE (309,129)-(310,129),12
3673 LINE (315,129)-(316,129),12
3674 LINE (257,130)-(270,130),15
3675 LINE (273,130)-(286,130),15
3676 LINE (289,130)-(302,130),9
3677 PSET (305,130),12
3678 LINE (309,130)-(316,130),12
3679 PSET (257,131),15
3680 PSET (270,131),15
3681 PSET (273,131),15
3682 PSET (286,131),15
3683 PSET (289,131),9
3684 PSET (302,131),9
3685 LINE (305,131)-(306,131),12
3686 LINE (308,131)-(317,131),12
3687 PSET (257,132),15
3688 PSET (270,132),15
3689 PSET (273,132),15
3690 PSET (286,132),15
3691 PSET (293,132),12
3692 PSET (298,132),12
3693 LINE (305,132)-(306,132),12
3694 LINE (308,132)-(317,132),12
3695 PSET (257,133),15
3696 PSET (270,133),15
3697 PSET (273,133),15
3698 PSET (286,133),15
3699 LINE (292,133)-(293,133),12
3700 LINE (298,133)-(299,133),12
3701 LINE (305,133)-(306,133),12
3702 LINE (308,133)-(317,133),12
3703 LINE (257,134)-(270,134),15
3704 LINE (273,134)-(286,134),9
3705 LINE (292,134)-(299,134),12
3706 PSET (303,134),12
3707 LINE (305,134)-(306,134),12
3708 LINE (308,134)-(318,134),12
3709 PSET (257,135),15
3710 PSET (270,135),15
3711 PSET (273,135),9
3712 PSET (286,135),9
3713 LINE (291,135)-(300,135),12
3714 LINE (302,135)-(303,135),12
3715 LINE (305,135)-(306,135),12
3716 LINE (308,135)-(318,135),12
3717 PSET (257,136),15
3718 PSET (270,136),15
3719 PSET (278,136),12
3720 PSET (283,136),12
3721 LINE (291,136)-(300,136),12
3722 LINE (302,136)-(303,136),12
3723 LINE (306,136)-(307,136),12
3724 LINE (309,136)-(312,136),12
3725 LINE (313,136)-(317,136),13
3726 PSET (257,137),15
3727 PSET (270,137),15
3728 LINE (277,137)-(278,137),12
3729 LINE (283,137)-(284,137),12
3730 LINE (291,137)-(300,137),12
3731 LINE (302,137)-(303,137),12
3732 LINE (307,137)-(315,137),12
3733 LINE (257,138)-(270,138),9
3734 PSET (273,138),12
3735 LINE (277,138)-(284,138),12
3736 LINE (290,138)-(300,138),12
3737 LINE (302,138)-(303,138),12
3738 LINE (309,138)-(318,138),12
3739 PSET (319,138),12
3740 PSET (257,139),9
3741 PSET (270,139),9
3742 LINE (273,139)-(274,139),12
3743 LINE (276,139)-(285,139),12
3744 LINE (290,139)-(300,139),12
3745 LINE (302,139)-(303,139),12
3746 LINE (307,139)-(315,139),13
3747 PSET (261,140),12
3748 PSET (266,140),12
3749 LINE (273,140)-(274,140),12
3750 LINE (276,140)-(285,140),12
3751 LINE (291,140)-(295,140),13
3752 LINE (296,140)-(299,140),12
3753 LINE (301,140)-(302,140),12
3754 PSET (307,140),12
3755 LINE (313,140)-(315,140),13
3756 LINE (260,141)-(261,141),12
3757 LINE (266,141)-(267,141),12
3758 LINE (273,141)-(274,141),12
3759 LINE (276,141)-(285,141),12
3760 LINE (293,141)-(301,141),12
3761 LINE (306,141)-(308,141),9
3762 PSET (312,141),9
3763 PSET (315,141),12
3764 LINE (260,142)-(267,142),13
3765 PSET (271,142),13
3766 LINE (273,142)-(274,142),13
3767 LINE (276,142)-(286,142),13
3768 LINE (289,142)-(299,142),13
3769 LINE (311,142)-(312,142),9
3770 PSET (315,142),12
3771 LINE (259,143)-(268,143),13
3772 LINE (270,143)-(271,143),13
3773 LINE (273,143)-(274,143),13
3774 LINE (276,143)-(286,143),13
3775 LINE (293,143)-(301,143),13
3776 LINE (310,143)-(311,143),15
3777 LINE (315,143)-(317,143),15
3778 PSET (265,144),15
3779 PSET (278,144),15
3780 LINE (312,144)-(316,144),9
3781 LINE (256,145)-(258,145),13
3782 LINE (265,145)-(266,145),12
3783 PSET (278,145),15
3784 LINE (310,145)-(317,145),9
3785 LINE (256,146)-(260,146),12
3786 LINE (263,146)-(267,146),12
3787 LINE (272,146)-(278,146),15
3788 LINE (309,146)-(311,146),15
3789 LINE (312,146)-(318,146),9
3790 LINE (256,147)-(262,147),12
3791 LINE (265,147)-(267,147),12
3792 PSET (278,147),15
3793 LINE (309,147)-(311,147),15
3794 LINE (312,147)-(318,147),9
3795 LINE (256,148)-(268,148),12
3796 PSET (278,148),15
3797 LINE (296,148)-(299,148),9
3798 LINE (308,148)-(318,148),9
3799 PSET (319,148),9
3800 PSET (256,149),15
3801 PSET (258,149),15
3802 PSET (260,149),15
3803 PSET (262,149),15
3804 LINE (264,149)-(268,149),12
3805 PSET (278,149),15
3806 LINE (294,149)-(301,149),9
3807 LINE (308,149)-(318,149),9
3808 PSET (319,149),9
3809 PSET (263,150),15
3810 LINE (264,150)-(268,150),12
3811 LINE (270,150)-(271,150),12
3812 LINE (272,150)-(278,150),15
3813 LINE (282,150)-(285,150),9
3814 LINE (294,150)-(295,150),15
3815 LINE (296,150)-(301,150),9
3816 LINE (308,150)-(318,150),9
3817 PSET (319,150),9
3818 PSET (261,151),15
3819 PSET (263,151),15
3820 LINE (264,151)-(268,151),12
3821 PSET (271,151),12
3822 PSET (278,151),15
3823 LINE (281,151)-(286,151),9
3824 LINE (293,151)-(295,151),15
3825 LINE (296,151)-(302,151),9
3826 LINE (308,151)-(318,151),9
3827 PSET (319,151),9
3828 PSET (259,152),15
3829 LINE (261,152)-(263,152),15
3830 LINE (264,152)-(267,152),12
3831 LINE (270,152)-(271,152),12
3832 PSET (278,152),15
3833 LINE (280,152)-(287,152),9
3834 LINE (293,152)-(302,152),9
3835 LINE (309,152)-(318,152),9
3836 PSET (319,152),9
3837 PSET (257,153),15
3838 LINE (259,153)-(263,153),15
3839 LINE (264,153)-(270,153),12
3840 PSET (278,153),15
3841 LINE (280,153)-(287,153),9
3842 LINE (293,153)-(302,153),9
3843 LINE (309,153)-(318,153),9
3844 LINE (257,154)-(261,154),9
3845 LINE (264,154)-(267,154),13
3846 LINE (272,154)-(278,154),15
3847 LINE (280,154)-(287,154),9
3848 LINE (294,154)-(302,154),9
3849 LINE (310,154)-(317,154),9
3850 LINE (258,155)-(259,155),9
3851 LINE (264,155)-(267,155),13
3852 PSET (278,155),15
3853 LINE (280,155)-(287,155),9
3854 LINE (294,155)-(301,155),9
3855 LINE (311,155)-(316,155),9
3856 LINE (264,156)-(269,156),12
3857 PSET (278,156),15
3858 LINE (281,156)-(286,156),9
3859 LINE (295,156)-(301,156),9
3860 LINE (312,156)-(314,156),9
3861 LINE (265,157)-(266,157),13
3862 PSET (269,157),13
3863 PSET (278,157),15
3864 LINE (282,157)-(285,157),9
3865 LINE (296,157)-(300,157),9
3866 PSET (313,157),15
3867 PSET (265,158),12
3868 LINE (269,158)-(270,158),12
3869 LINE (272,158)-(278,158),15
3870 LINE (283,158)-(284,158),9
3871 LINE (298,158)-(300,158),9
3872 PSET (314,158),15
3873 LINE (265,159)-(266,159),12
3874 PSET (278,159),15
3875 LINE (283,159)-(284,159),9
3876 LINE (299,159)-(300,159),9
3877 PSET (313,159),15
3878 LINE (277,160)-(282,160),12
3879 LINE (293,160)-(298,160),12
3880 LINE (309,160)-(314,160),5
3881 LINE (276,161)-(279,161),15
3882 LINE (280,161)-(283,161),12
3883 LINE (292,161)-(295,161),15
3884 LINE (296,161)-(299,161),12
3885 LINE (308,161)-(311,161),15
3886 LINE (312,161)-(315,161),5
3887 LINE (260,162)-(265,162),5
3888 LINE (275,162)-(279,162),15
3889 LINE (280,162)-(284,162),12
3890 LINE (291,162)-(295,162),15
3891 LINE (296,162)-(300,162),12
3892 LINE (307,162)-(311,162),15
3893 LINE (312,162)-(316,162),5
3894 LINE (258,163)-(263,163),5
3895 LINE (264,163)-(268,163),7
3896 LINE (275,163)-(279,163),15
3897 LINE (280,163)-(285,163),12
3898 LINE (291,163)-(295,163),15
3899 LINE (296,163)-(300,163),12
3900 LINE (307,163)-(311,163),15
3901 LINE (312,163)-(316,163),5
3902 LINE (257,164)-(263,164),5
3903 LINE (264,164)-(270,164),8
3904 LINE (274,164)-(285,164),12
3905 LINE (290,164)-(301,164),12
3906 LINE (306,164)-(317,164),5
3907 LINE (256,165)-(258,165),5
3908 PSET (260,165),5
3909 LINE (267,165)-(271,165),8
3910 LINE (274,165)-(285,165),12
3911 LINE (290,165)-(301,165),12
3912 LINE (306,165)-(317,165),5
3913 LINE (256,166)-(257,166),5
3914 PSET (265,166),8
3915 PSET (268,166),8
3916 LINE (270,166)-(271,166),8
3917 LINE (274,166)-(285,166),12
3918 LINE (290,166)-(301,166),12
3919 LINE (306,166)-(317,166),5
3920 PSET (256,167),5
3921 LINE (268,167)-(271,167),8
3922 LINE (274,167)-(285,167),12
3923 LINE (290,167)-(301,167),12
3924 LINE (306,167)-(317,167),5
3925 LINE (256,168)-(258,168),5
3926 PSET (260,168),5
3927 PSET (263,168),5
3928 LINE (266,168)-(271,168),8
3929 LINE (275,168)-(284,168),12
3930 LINE (291,168)-(300,168),12
3931 LINE (307,168)-(316,168),5
3932 PSET (257,169),5
3933 PSET (259,169),5
3934 PSET (261,169),5
3935 LINE (269,169)-(271,169),8
3936 LINE (275,169)-(284,169),12
3937 LINE (291,169)-(300,169),12
3938 LINE (307,169)-(316,169),5
3939 PSET (256,170),5
3940 PSET (258,170),5
3941 PSET (264,170),8
3942 LINE (266,170)-(268,170),8
3943 LINE (270,170)-(271,170),8
3944 LINE (276,170)-(283,170),12
3945 LINE (292,170)-(299,170),12
3946 LINE (308,170)-(315,170),5
3947 PSET (257,171),5
3948 PSET (260,171),5
3949 LINE (267,171)-(271,171),8
3950 LINE (277,171)-(282,171),12
3951 LINE (293,171)-(298,171),12
3952 LINE (309,171)-(314,171),5
3953 PSET (256,172),5
3954 PSET (266,172),8
3955 LINE (268,172)-(269,172),8
3956 PSET (271,172),8
3957 LINE (279,172)-(281,172),12
3958 LINE (295,172)-(297,172),12
3959 LINE (311,172)-(313,172),5
3960 PSET (256,173),5
3961 PSET (258,173),5
3962 PSET (261,173),5
3963 PSET (265,173),8
3964 LINE (267,173)-(271,173),8
3965 PSET (280,173),15
3966 PSET (296,173),15
3967 PSET (312,173),15
3968 LINE (256,174)-(257,174),5
3969 PSET (259,174),5
3970 LINE (269,174)-(271,174),8
3971 PSET (280,174),15
3972 PSET (296,174),15
3973 LINE (300,174)-(301,174),15
3974 PSET (312,174),15
3975 LINE (316,174)-(317,174),15
3976 LINE (257,175)-(263,175),5
3977 LINE (266,175)-(267,175),8
3978 LINE (270,175)-(271,175),8
3979 PSET (281,175),15
3980 PSET (295,175),15
3981 PSET (300,175),15
3982 PSET (311,175),15
3983 PSET (316,175),15
3984 PSET (256,176),5
3985 PSET (268,176),8
3986 LINE (270,176)-(271,176),8
3987 PSET (273,176),15
3988 PSET (278,176),15
3989 PSET (281,176),15
3990 PSET (291,176),15
3991 PSET (295,176),15
3992 PSET (299,176),10
3993 PSET (307,176),15
3994 PSET (311,176),15
3995 PSET (315,176),12
3996 PSET (259,177),5
3997 PSET (261,177),5
3998 PSET (266,177),8
3999 PSET (269,177),8
4000 PSET (271,177),8
4001 LINE (273,177)-(274,177),15
4002 LINE (277,177)-(278,177),15
4003 PSET (281,177),15
4004 LINE (291,177)-(292,177),9
4005 LINE (294,177)-(295,177),9
4006 PSET (298,177),10
4007 LINE (307,177)-(308,177),12
4008 LINE (310,177)-(311,177),12
4009 PSET (314,177),12
4010 PSET (258,178),8
4011 LINE (264,178)-(267,178),8
4012 LINE (269,178)-(271,178),8
4013 PSET (273,178),9
4014 LINE (276,178)-(280,178),9
4015 LINE (283,178)-(287,178),9
4016 LINE (291,178)-(295,178),9
4017 LINE (297,178)-(302,178),9
4018 LINE (307,178)-(311,178),12
4019 LINE (313,178)-(318,178),12
4020 LINE (257,179)-(259,179),8
4021 PSET (261,179),8
4022 PSET (266,179),8
4023 PSET (269,179),8
4024 PSET (271,179),8
4025 PSET (273,179),9
4026 LINE (276,179)-(278,179),9
4027 LINE (281,179)-(287,179),9
4028 LINE (291,179)-(303,179),9
4029 LINE (307,179)-(318,179),12
4030 PSET (319,179),12
4031 PSET (258,180),8
4032 PSET (260,180),8
4033 PSET (262,180),8
4034 PSET (264,180),8
4035 LINE (268,180)-(271,180),8
4036 PSET (273,180),9
4037 LINE (275,180)-(277,180),9
4038 LINE (281,180)-(283,180),9
4039 LINE (285,180)-(287,180),9
4040 LINE (290,180)-(293,180),9
4041 LINE (296,180)-(297,180),15
4042 PSET (299,180),15
4043 PSET (301,180),15
4044 PSET (303,180),15
4045 LINE (306,180)-(309,180),12
4046 LINE (312,180)-(313,180),15
4047 PSET (315,180),15
4048 PSET (317,180),15
4049 PSET (319,180),15
4050 PSET (259,181),8
4051 LINE (261,181)-(263,181),8
4052 PSET (265,181),8
4053 LINE (267,181)-(271,181),8
4054 PSET (273,181),9
4055 LINE (275,181)-(279,181),9
4056 LINE (280,181)-(281,181),15
4057 PSET (283,181),15
4058 PSET (285,181),15
4059 LINE (290,181)-(293,181),9
4060 PSET (295,181),9
4061 PSET (296,181),15
4062 PSET (302,181),15
4063 LINE (306,181)-(309,181),12
4064 PSET (311,181),12
4065 PSET (312,181),15
4066 PSET (318,181),15
4067 LINE (257,182)-(270,182),8
4068 PSET (273,182),9
4069 LINE (275,182)-(279,182),9
4070 PSET (280,182),15
4071 LINE (289,182)-(295,182),9
4072 PSET (296,182),15
4073 PSET (298,182),15
4074 PSET (301,182),15
4075 LINE (305,182)-(311,182),12
4076 PSET (312,182),15
4077 PSET (314,182),15
4078 PSET (317,182),15
4079 LINE (259,183)-(268,183),8
4080 LINE (273,183)-(274,183),9
4081 LINE (276,183)-(279,183),9
4082 PSET (280,183),15
4083 PSET (282,183),15
4084 PSET (285,183),15
4085 LINE (289,183)-(295,183),9
4086 LINE (296,183)-(298,183),15
4087 LINE (300,183)-(302,183),15
4088 LINE (305,183)-(311,183),12
4089 LINE (312,183)-(314,183),15
4090 LINE (316,183)-(318,183),15
4091 LINE (274,184)-(275,184),9
4092 LINE (277,184)-(279,184),9
4093 LINE (280,184)-(282,184),15
4094 LINE (284,184)-(286,184),15
4095 LINE (290,184)-(295,184),9
4096 LINE (296,184)-(302,184),15
4097 LINE (306,184)-(311,184),12
4098 LINE (312,184)-(318,184),15
4099 LINE (260,185)-(262,185),2
4100 PSET (266,185),2
4101 LINE (275,185)-(286,185),9
4102 LINE (291,185)-(295,185),9
4103 PSET (297,185),15
4104 LINE (299,185)-(301,185),15
4105 LINE (307,185)-(311,185),12
4106 PSET (313,185),9
4107 LINE (315,185)-(317,185),9
4108 LINE (261,186)-(263,186),2
4109 LINE (265,186)-(266,186),2
4110 LINE (276,186)-(280,186),9
4111 LINE (283,186)-(285,186),9
4112 LINE (291,186)-(298,186),9
4113 LINE (307,186)-(314,186),12
4114 LINE (262,187)-(263,187),2
4115 PSET (265,187),2
4116 LINE (276,187)-(279,187),9
4117 PSET (280,187),10
4118 LINE (288,187)-(289,187),9
4119 LINE (291,187)-(295,187),9
4120 PSET (297,187),15
4121 LINE (304,187)-(305,187),13
4122 LINE (307,187)-(311,187),13
4123 PSET (313,187),9
4124 LINE (259,188)-(261,188),4
4125 LINE (275,188)-(279,188),9
4126 LINE (280,188)-(283,188),10
4127 LINE (289,188)-(295,188),9
4128 PSET (297,188),15
4129 LINE (305,188)-(311,188),12
4130 PSET (313,188),9
4131 LINE (258,189)-(263,189),4
4132 LINE (264,189)-(267,189),2
4133 PSET (275,189),9
4134 PSET (280,189),10
4135 LINE (283,189)-(284,189),10
4136 LINE (292,189)-(294,189),9
4137 PSET (298,189),15
4138 LINE (308,189)-(310,189),13
4139 PSET (314,189),9
4140 LINE (257,190)-(263,190),15
4141 LINE (264,190)-(268,190),3
4142 LINE (274,190)-(276,190),15
4143 PSET (279,190),15
4144 PSET (280,190),10
4145 PSET (284,190),10
4146 PSET (293,190),9
4147 PSET (309,190),12
4148 LINE (257,191)-(263,191),4
4149 LINE (264,191)-(268,191),3
4150 LINE (278,191)-(279,191),15
4151 LINE (283,191)-(285,191),9
4152 LINE (292,191)-(295,191),15
4153 LINE (308,191)-(311,191),15
4154 LINE (257,192)-(263,192),3
4155 LINE (264,192)-(269,192),2
4156 LINE (257,193)-(263,193),3
4157 LINE (264,193)-(269,193),2
4158 LINE (258,194)-(269,194),2
4159 LINE (258,195)-(263,195),3
4160 LINE (264,195)-(268,195),2
4161 LINE (259,196)-(268,196),2
4162 LINE (260,197)-(267,197),2
4163 LINE (262,198)-(265,198),2
4164 DIM IM%(2000): GET (32,0)-(39,24),IM%(2000): SAVEP"CASS:SP",IM%(2000)